0  53
1  43
2  37
3  21
4  26
5  46
6  85
7  105
8  111
9  103
10  87
11  75
12  70
13  66
14  65
15  75
16  81
17  50
18  54
19  86
20  101
21  102
22  116
23  162
24  174
25  158
26  165
27  166
28  164
29  148
30  135
31  163
32  172
33  148
34  146
35  164
36  198
37  182
38  176
39  193
40  194
41  178
42  185
43  200
44  227
45  220
46  206
47  210
48  192
49  184
50  186
51  185
52  179
53  186
54  208
55  183
56  186
57  193
58  195
59  170
60  161
61  148
62  160
63  158
64  151
65  155
66  148
67  140
68  150
69  150
70  161
71  135
72  124
73  152
74  176
75  190
76  186
77  206
78  194
79  147
80  112
81  90
82  78
83  75
84  104
85  153
86  147
87  151
88  150
89  143
90  129
91  113
92  109
93  93
94  75
95  61
96  61
97  77
98  79
99  63
100  80
101  58
102  43
103  35
104  47
105  53
106  65
107  92
108  127
109  118
110  102
111  98
112  91
113  69
114  66
115  80
116  82
117  67
118  70
119  92
120  102
121  71
122  94
123  110
124  129
125  149
126  160
127  167
128  156
129  149
130  153
131  151
132  150
133  129
134  119
135  140
136  174
137  156
138  147
139  163
140  154
141  149
142  145
143  164
144  179
145  180
146  194
147  203
148  204
149  181
150  166
151  167
152  150
153  158
154  148
155  139
156  156
157  157
158  173
159  180
160  187
161  196
162  190
163  181
164  160
165  127
166  135
167  129
168  139
169  163
170  184
171  160
172  154
173  168
174  189
175  166
176  159
177  183
178  207
179  178
180  162
181  167
182  154
183  120
184  121
185  142
186  154
187  140
188  150
189  148
190  144
191  149
192  157
193  146
194  136
195  99
196  81
197  92
198  105
199  92
200  84
201  72
202  67
203  53
204  49
205  55
206  62
207  92
208  125
209  121
210  110
211  100
212  93
213  74
214  78
215  94
216  108
217  90
218  95
219  135
220  122
221  85
222  94
223  94
224  108
225  88
226  109
227  157
228  178
229  187
230  185
231  178
232  188
233  141
234  127
235  122
236  120
237  109
238  119
239  156
240  155
241  169
242  181
243  174
244  175
245  162
246  172
247  190
248  199
249  203
250  212
251  179
252  168
253  166
254  157
255  137
256  117
257  118
258  135
259  139
260  173
261  190
262  196
263  192
264  174
265  146
266  133
267  121
268  117
269  144
270  163
271  156
272  158
273  146
274  164
275  161
276  178
277  184
278  191
279  162
280  164
281  181
282  169
283  155
284  157
285  166
286  163
287  113
288  112
289  104
290  122
291  139
292  153
293  161
294  147
295  116
296  101
297  124
298  127
299  85
300  105
301  87
302  72
303  59
304  58
305  51
306  42
307  58
308  81
309  83
310  85
311  89
312  91
313  75
314  86
315  93
316  87
317  82
318  79
319  99
320  119
321  104
322  102
323  99
324  70
325  74
326  90
327  123
328  151
329  134
330  161
331  195
332  202
333  182
334  152
335  133
336  110
337  59
338  71
339  98
340  131
341  142
342  172
343  191
344  176
345  153
346  145
347  157
348  170
349  173
350  192
351  203
352  206
353  198
354  181
355  153
356  147
357  133
358  131
359  137
360  135
361  176
362  206
363  222
364  231
365  208
366  188
367  156
368  124
369  160
370  166
371  163
372  151
373  156
374  150
375  151
376  167
377  195
378  209
379  192
380  173
381  193
382  180
383  180
384  192
385  193
386  186
387  152
388  133
389  124
390  128
391  136
392  152
393  148
394  143
395  126
396  108
397  119
398  118
399  97
400  108
401  120
402  102
403  103
404  94
405  78
406  88
407  73
408  70
409  68
410  54
411  91
412  108
413  108
414  125
415  126
416  118
417  98
418  90
419  111
420  139
421  111
422  112
423  110
424  96
425  89
426  87
427  125
428  131
429  108
430  129
431  154
432  166
433  159
434  147
435  151
436  111
437  107
438  82
439  85
440  90
441  95
442  138
443  144
444  147
445  158
446  153
447  156
448  151
449  152
450  185
451  184
452  177
453  175
454  169
455  171
456  164
457  136
458  131
459  115
460  124
461  143
462  181
463  193
464  215
465  205
466  191
467  171
468  159
469  164
470  172
471  165
472  164
473  159
474  143
475  142
476  156
477  175
478  188
479  180
480  181
481  204
482  199
483  193
484  193
485  198
486  196
487  162
488  140
489  150
490  125
491  119
492  157
493  178
494  159
495  119
496  90
497  97
498  99
499  103
500  52
501  86
502  87
503  111
504  110
505  119
506  109
507  80
508  67
509  53
510  50
511  58
512  57
513  82
514  94
515  113
516  124
517  125
518  106
519  90
520  95
521  103
522  89
523  109
524  102
525  82
526  105
527  137
528  142
529  109
530  104
531  135
532  128
533  127
534  142
535  139
536  131
537  117
538  109
539  130
540  122
541  115
542  132
543  143
544  145
545  134
546  148
547  162
548  181
549  204
550  199
551  199
552  188
553  192
554  207
555  214
556  181
557  174
558  157
559  151
560  144
561  170
562  198
563  193
564  199
565  227
566  195
567  175
568  167
569  171
570  185
571  173
572  184
573  181
574  161
575  156
576  156
577  171
578  165
579  158
580  153
581  164
582  181
583  190
584  206
585  218
586  216
587  179
588  143
589  127
590  107
591  102
592  126
593  160
594  136
595  122
596  99
597  71
598  52
599  49
600  89
601  75
602  79
603  97
604  115
605  130
606  133
607  130
608  115
609  106
610  100
611  86
612  81
613  67
614  90
615  130
616  137
617  146
618  116
619  122
620  130
621  125
622  99
623  108
624  104
625  106
626  118
627  151
628  145
629  112
630  97
631  106
632  91
633  117
634  128
635  131
636  122
637  106
638  118
639  117
640  122
641  138
642  132
643  149
644  118
645  120
646  119
647  136
648  162
649  162
650  179
651  186
652  170
653  176
654  185
655  203
656  176
657  163
658  150
659  148
660  128
661  155
662  170
663  165
664  173
665  180
666  154
667  144
668  132
669  149
670  154
671  164
672  176
673  178
674  159
675  146
676  163
677  187
678  179
679  155
680  124
681  130
682  142
683  161
684  193
685  231
686  236
687  212
688  192
689  188
690  156
691  123
692  140
693  141
694  130
695  118
696  119
697  106
698  90
699  98
700  123
701  114
702  106
703  93
704  102
705  115
706  128
707  138
708  140
709  142
710  123
711  114
712  102
713  101
714  108
715  107
716  120
717  107
718  99
719  124
720  125
721  121
722  107
723  120
724  125
725  110
726  128
727  167
728  143
729  110
730  90
731  97
732  92
733  106
734  132
735  137
736  143
737  125
738  137
739  148
740  138
741  130
742  129
743  132
744  128
745  143
746  147
747  158
748  159
749  169
750  181
751  155
752  124
753  127
754  144
755  178
756  177
757  192
758  206
759  170
760  145
761  155
762  153
763  147
764  147
765  150
766  143
767  121
768  130
769  148
770  164
771  189
772  184
773  174
774  143
775  146
776  150
777  163
778  170
779  157
780  147
781  146
782  127
783  141
784  139
785  177
786  190
787  198
788  196
789  188
790  156
791  127
792  136
793  138
794  124
795  111
796  104
797  105
798  85
799  115
800  128
801  117
802  117
803  121
804  135
805  148
806  149
807  158
808  152
809  142
810  123
811  136
812  144
813  130
814  115
815  119
816  119
817  116
818  115
819  102
820  108
821  99
822  92
823  86
824  92
825  94
826  102
827  118
828  131
829  110
830  94
831  79
832  70
833  75
834  87
835  103
836  107
837  118
838  126
839  141
840  127
841  120
842  126
843  125
844  106
845  96
846  129
847  161
848  159
849  175
850  182
851  166
852  111
853  95
854  111
855  135
856  150
857  169
858  193
859  201
860  188
861  188
862  180
863  151
864  129
865  125
866  119
867  103
868  121
869  158
870  189
871  187
872  186
873  193
874  169
875  148
876  127
877  147
878  149
879  158
880  182
881  195
882  183
883  172
884  163
885  172
886  166
887  175
888  176
889  185
890  167
891  151
892  161
893  162
894  165
895  169
896  154
897  132
898  104
899  119
900  143
901  144
902  119
903  137
904  138
905  157
906  155
907  148
908  163
909  159
910  149
911  170
912  160
913  121
914  110
915  128
916  126
917  138
918  135
919  149
920  123
921  92
922  92
923  77
924  76
925  79
926  83
927  110
928  129
929  137
930  129
931  118
932  105
933  80
934  101
935  100
936  117
937  122
938  120
939  138
940  142
941  146
942  165
943  138
944  117
945  119
946  133
947  135
948  144
949  156
950  180
951  160
952  127
953  116
954  117
955  117
956  124
957  127
958  150
959  158
960  159
961  180
962  187
963  176
964  149
965  123
966  117
967  106
968  106
969  115
970  148
971  159
972  167
973  172
974  154
975  128
976  118
977  130
978  151
979  147
980  164
981  174
982  160
983  168
984  190
985  169
986  160
987  140
988  163
989  161
990  151
991  138
992  157
993  176
994  173
995  175
996  181
997  162
998  148
999  125
1000  154
1001  155
1002  152
1003  166
1004  153
1005  140
1006  113
1007  111
1008  130
1009  103
1010  119
1011  144
1012  171
1013  153
1014  125
1015  106
1016  98
1017  95
1018  111
1019  109
1020  109
1021  90
1022  72
1023  62
1024  63
1025  70
1026  68
1027  75
1028  91
1029  104
1030  90
1031  101
1032  99
1033  104
1034  128
1035  129
1036  107
1037  90
1038  106
1039  125
1040  111
1041  117
1042  135
1043  134
1044  131
1045  130
1046  151
1047  144
1048  121
1049  136
1050  157
1051  135
1052  132
1053  113
1054  134
1055  134
1056  144
1057  147
1058  148
1059  151
1060  145
1061  151
1062  179
1063  175
1064  179
1065  173
1066  170
1067  157
1068  138
1069  153
1070  162
1071  153
1072  167
1073  175
1074  168
1075  143
1076  150
1077  168
1078  166
1079  165
1080  181
1081  189
1082  186
1083  199
1084  199
1085  189
1086  161
1087  155
1088  170
1089  154
1090  162
1091  165
1092  180
1093  190
1094  181
1095  186
1096  180
1097  161
1098  142
1099  115
1100  133
1101  150
1102  155
1103  168
1104  189
1105  160
1106  149
1107  142
1108  122
1109  89
1110  84
1111  114
1112  150
1113  161
1114  169
1115  165
1116  154
1117  121
1118  114
1119  105
1120  93
1121  59
1122  74
1123  86
1124  90
1125  103
1126  102
1127  95
1128  103
1129  88
1130  83
1131  81
1132  95
1133  118
1134  124
1135  151
1136  137
1137  125
1138  150
1139  123
1140  120
1141  121
1142  145
1143  137
1144  126
1145  143
1146  156
1147  156
1148  140
1149  143
1150  158
1151  152
1152  123
1153  120
1154  128
1155  125
1156  144
1157  148
1158  156
1159  161
1160  134
1161  136
1162  148
1163  160
1164  160
1165  140
1166  166
1167  155
1168  153
1169  167
1170  170
1171  156
1172  150
1173  163
1174  164
1175  128
1176  129
1177  123
1178  136
1179  147
1180  182
1181  200
1182  192
1183  178
1184  193
1185  183
1186  150
1187  128
1188  143
1189  148
1190  144
1191  157
1192  168
1193  183
1194  191
1195  177
1196  177
1197  151
1198  106
1199  96
1200  101
1201  103
1202  105
1203  148
1204  191
1205  172
1206  158
1207  128
1208  116
1209  91
1210  70
1211  94
1212  105
1213  128
1214  135
1215  138
1216  157
1217  146
1218  131
1219  114
1220  85
1221  49
1222  53
1223  65
1224  106
1225  113
1226  121
1227  119
1228  121
1229  104
1230  94
1231  83
1232  74
1233  79
1234  115
1235  151
1236  158
1237  164
1238  175
1239  165
1240  144
1241  143
1242  165
1243  127
1244  134
1245  145
1246  157
1247  169
1248  154
1249  147
1250  168
1251  152
1252  155
1253  165
1254  156
1255  162
1256  158
1257  162
1258  157
1259  136
1260  133
1261  146
1262  163
1263  156
1264  145
1265  153
1266  176
1267  169
1268  158
1269  158
1270  163
1271  143
1272  163
1273  180
1274  172
1275  172
1276  145
1277  117
1278  115
1279  121
1280  148
1281  170
1282  187
1283  183
1284  174
1285  164
1286  153
1287  138
1288  139
1289  148
1290  145
1291  160
1292  157
1293  155
1294  173
1295  170
1296  178
1297  166
1298  129
1299  100
1300  114
1301  103
1302  117
1303  154
1304  177
1305  165
1306  156
1307  144
1308  137
1309  107
1310  104
1311  137
1312  152
1313  149
1314  135
1315  138
1316  140
1317  129
1318  122
1319  131
1320  118
1321  107
1322  95
1323  113
1324  119
1325  125
1326  126
1327  113
1328  126
1329  106
1330  83
1331  79
1332  65
1333  91
1334  104
1335  119
1336  152
1337  164
1338  188
1339  171
1340  144
1341  154
1342  144
1343  125
1344  118
1345  129
1346  158
1347  160
1348  148
1349  129
1350  132
1351  131
1352  115
1353  132
1354  152
1355  152
1356  138
1357  144
1358  153
1359  144
1360  128
1361  119
1362  116
1363  109
1364  115
1365  140
1366  142
1367  154
1368  142
1369  159
1370  167
1371  137
1372  150
1373  156
1374  166
1375  175
1376  171
1377  177
1378  145
1379  142
1380  148
1381  160
1382  158
1383  157
1384  179
1385  177
1386  169
1387  153
1388  154
1389  165
1390  162
1391  174
1392  167
1393  144
1394  137
1395  149
1396  179
1397  178
1398  152
1399  128
1400  112
1401  96
1402  99
1403  126
1404  147
1405  142
1406  128
1407  137
1408  130
1409  131
1410  111
1411  139
1412  173
1413  155
1414  160
1415  149
1416  137
1417  128
1418  104
1419  139
1420  149
1421  126
1422  112
1423  127
1424  136
1425  146
1426  164
1427  157
1428  117
1429  92
1430  74
1431  78
1432  71
1433  93
1434  111
1435  127
1436  148
1437  181
1438  179
1439  175
1440  162
1441  149
1442  137
1443  124
1444  112
1445  154
1446  174
1447  188
1448  178
1449  149
1450  142
1451  125
1452  115
1453  123
1454  124
1455  121
1456  130
1457  157
1458  189
1459  181
1460  156
1461  146
1462  126
1463  91
1464  87
1465  99
1466  114
1467  143
1468  169
1469  180
1470  196
1471  179
1472  165
1473  156
1474  163
1475  168
1476  153
1477  148
1478  162
1479  163
1480  159
1481  174
1482  166
1483  158
1484  142
1485  134
1486  127
1487  135
1488  137
1489  165
1490  164
1491  159
1492  158
1493  129
1494  114
1495  139
1496  150
1497  154
1498  130
1499  114
1500  129
1501  110
1502  123
1503  142
1504  151
1505  148
1506  126
1507  139
1508  151
1509  155
1510  132
1511  155
1512  169
1513  169
1514  158
1515  165
1516  163
1517  138
1518  126
1519  151
1520  156
1521  129
1522  100
1523  120
1524  132
1525  131
1526  145
1527  131
1528  131
1529  119
1530  99
1531  77
1532  55
1533  69
1534  85
1535  94
1536  129
1537  148
1538  155
1539  163
1540  138
1541  132
1542  126
1543  116
1544  101
1545  115
1546  151
1547  170
1548  153
1549  163
1550  149
1551  134
1552  99
1553  107
1554  111
1555  100
1556  98
1557  136
1558  158
1559  167
1560  156
1561  167
1562  134
1563  97
1564  75
1565  84
1566  93
1567  116
1568  149
1569  169
1570  179
1571  183
1572  173
1573  187
1574  182
1575  186
1576  166
1577  152
1578  151
1579  144
1580  177
1581  210
1582  223
1583  212
1584  172
1585  145
1586  123
1587  130
1588  129
1589  138
1590  154
1591  175
1592  186
1593  159
1594  137
1595  164
1596  159
1597  161
1598  151
1599  146
1600  143
1601  116
1602  120
1603  134
1604  152
1605  148
1606  116
1607  122
1608  132
1609  146
1610  160
1611  179
1612  196
1613  178
1614  151
1615  162
1616  148
1617  141
1618  132
1619  154
1620  159
1621  122
1622  120
1623  133
1624  132
1625  129
1626  107
1627  109
1628  91
1629  103
1630  128
1631  115
1632  115
1633  116
1634  97
1635  106
1636  105
1637  133
1638  129
1639  145
1640  145
1641  145
1642  144
1643  144
1644  128
1645  125
1646  145
1647  140
1648  145
1649  149
1650  142
1651  124
1652  105
1653  128
1654  130
1655  90
1656  77
1657  93
1658  130
1659  136
1660  132
1661  150
1662  129
1663  118
1664  94
1665  104
1666  114
1667  124
1668  155
1669  171
1670  170
1671  175
1672  146
1673  173
1674  188
1675  195
1676  174
1677  170
1678  159
1679  161
1680  179
1681  214
1682  222
1683  203
1684  183
1685  167
1686  131
1687  118
1688  129
1689  138
1690  144
1691  166
1692  168
1693  132
1694  114
1695  137
1696  169
1697  180
1698  172
1699  166
1700  157
1701  137
1702  124
1703  145
1704  144
1705  135
1706  107
1707  99
1708  122
1709  110
1710  112
1711  144
1712  182
1713  184
1714  181
1715  173
1716  157
1717  125
1718  105
1719  128
1720  140
1721  140
1722  130
1723  128
1724  145
1725  138
1726  116
1727  99
1728  66
1729  56
1730  71
1731  94
1732  112
1733  128
1734  151
1735  134
1736  118
1737  110
1738  97
1739  113
1740  103
1741  104
1742  129
1743  128
1744  135
1745  156
1746  176
1747  172
1748  142
1749  124
1750  129
1751  115
1752  125
1753  153
1754  150
1755  126
1756  120
1757  126
1758  139
1759  123
1760  123
1761  140
1762  125
1763  122
1764  126
1765  143
1766  142
1767  154
1768  170
1769  199
1770  196
1771  183
1772  163
1773  169
1774  175
1775  169
1776  178
1777  187
1778  200
1779  201
1780  205
1781  227
1782  219
1783  224
1784  195
1785  155
1786  130
1787  108
1788  108
1789  131
1790  148
1791  176
1792  159
1793  140
1794  106
1795  118
1796  130
1797  137
1798  159
1799  169
1800  161
1801  146
1802  170
1803  197
1804  187
1805  167
1806  142
1807  143
1808  137
1809  110
1810  114
1811  145
1812  170
1813  179
1814  198
1815  209
1816  193
1817  161
1818  156
1819  138
1820  140
1821  127
1822  128
1823  150
1824  155
1825  158
1826  137
1827  124
1828  105
1829  70
1830  80
1831  95
1832  108
1833  135
1834  141
1835  147
1836  151
1837  135
1838  140
1839  138
1840  123
1841  113
1842  114
1843  109
1844  110
1845  138
1846  163
1847  158
1848  142
1849  152
1850  142
1851  120
1852  113
1853  129
1854  152
1855  142
1856  132
1857  136
1858  142
1859  130
1860  105
1861  120
1862  127
1863  99
1864  113
1865  124
1866  146
1867  156
1868  156
1869  187
1870  176
1871  148
1872  146
1873  135
1874  155
1875  134
1876  151
1877  156
1878  150
1879  154
1880  187
1881  209
1882  205
1883  204
1884  183
1885  138
1886  114
1887  106
1888  109
1889  109
1890  113
1891  143
1892  165
1893  162
1894  137
1895  129
1896  117
1897  112
1898  117
1899  134
1900  150
1901  139
1902  133
1903  160
1904  189
1905  166
1906  162
1907  156
1908  140
1909  119
1910  102
1911  143
1912  144
1913  140
1914  154
1915  176
1916  185
1917  178
1918  161
1919  140
1920  137
1921  139
1922  141
1923  155
1924  161
1925  154
1926  140
1927  128
1928  113
1929  79
1930  96
1931  102
1932  106
1933  109
1934  128
1935  136
1936  141
1937  163
1938  180
1939  161
1940  155
1941  124
1942  143
1943  131
1944  125
1945  134
1946  134
1947  136
1948  152
1949  164
1950  147
1951  133
1952  138
1953  157
1954  173
1955  161
1956  164
1957  147
1958  150
1959  135
1960  108
1961  119
1962  123
1963  108
1964  115
1965  132
1966  155
1967  149
1968  162
1969  185
1970  164
1971  125
1972  112
1973  129
1974  154
1975  159
1976  181
1977  171
1978  166
1979  146
1980  141
1981  144
1982  164
1983  168
1984  159
1985  134
1986  145
1987  140
1988  130
1989  130
1990  127
1991  124
1992  139
1993  135
1994  119
1995  114
1996  127
1997  119
1998  125
1999  139
2000  166
2001  136
2002  137
2003  157
2004  177
2005  151
2006  171
2007  169
2008  172
2009  158
2010  171
2011  185
2012  172
2013  151
2014  159
2015  169
2016  174
2017  166
2018  162
2019  143
2020  158
2021  159
2022  177
2023  192
2024  198
2025  189
2026  166
2027  142
2028  125
2029  96
2030  85
2031  106
2032  114
2033  118
2034  137
2035  142
2036  150
2037  168
2038  191
2039  182
2040  151
2041  141
2042  129
2043  112
2044  122
2045  149
2046  165
2047  158
2048  142
2049  128
2050  118
2051  98
2052  113
2053  137
2054  169
2055  173
2056  165
2057  165
2058  162
2059  133
2060  116
2061  100
2062  100
2063  67
2064  77
2065  116
2066  132
2067  138
2068  146
2069  156
2070  144
2071  102
2072  118
2073  125
2074  108
2075  132
2076  163
2077  192
2078  174
2079  158
2080  143
2081  116
2082  120
2083  126
2084  132
2085  121
2086  129
2087  154
2088  152
2089  156
2090  157
2091  147
2092  152
2093  116
2094  101
2095  79
2096  90
2097  108
2098  131
2099  158
2100  163
2101  148
2102  137
2103  143
2104  157
2105  144
2106  158
2107  191
2108  189
2109  175
2110  183
2111  189
2112  191
2113  180
2114  185
2115  174
2116  173
2117  163
2118  163
2119  168
2120  166
2121  171
2122  204
2123  207
2124  202
2125  185
2126  181
2127  179
2128  158
2129  120
2130  110
2131  108
2132  111
2133  122
2134  144
2135  152
2136  153
2137  167
2138  207
2139  198
2140  185
2141  169
2142  121
2143  120
2144  131
2145  149
2146  164
2147  162
2148  164
2149  141
2150  129
2151  119
2152  100
2153  117
2154  124
2155  143
2156  153
2157  169
2158  186
2159  163
2160  158
2161  133
2162  112
2163  62
2164  41
2165  72
2166  102
2167  101
2168  112
2169  141
2170  148
2171  118
2172  108
2173  87
2174  88
2175  92
2176  128
2177  151
2178  151
2179  146
2180  135
2181  116
2182  110
2183  92
2184  97
2185  92
2186  99
2187  114
2188  145
2189  154
2190  145
2191  159
2192  165
2193  147
2194  120
2195  96
2196  104
2197  100
2198  92
2199  140
2200  171
2201  157
2202  143
2203  141
2204  134
2205  138
2206  157
2207  190
2208  196
2209  202
2210  197
2211  205
2212  184
2213  157
2214  153
2215  160
2216  177
2217  164
2218  149
2219  153
2220  142
2221  155
2222  172
2223  179
2224  181
2225  156
2226  155
2227  133
2228  122
2229  120
2230  120
2231  137
2232  126
2233  114
2234  130
2235  125
2236  125
2237  140
2238  171
2239  165
2240  157
2241  164
2242  177
2243  150
2244  147
2245  149
2246  150
2247  149
2248  131
2249  121
2250  143
2251  129
2252  130
2253  122
2254  111
2255  117
2256  119
2257  136
2258  142
2259  145
2260  156
2261  158
2262  141
2263  107
2264  75
2265  73
2266  65
2267  74
2268  95
2269  111
2270  118
2271  111
2272  115
2273  128
2274  110
2275  124
2276  132
2277  151
2278  163
2279  156
2280  164
2281  152
2282  133
2283  124
2284  117
2285  128
2286  127
2287  140
2288  160
2289  157
2290  162
2291  146
2292  144
2293  154
2294  155
2295  155
2296  137
2297  126
2298  108
2299  134
2300  156
2301  154
2302  142
2303  133
2304  109
2305  102
2306  114
2307  140
2308  166
2309  179
2310  210
2311  221
2312  204
2313  182
2314  157
2315  162
2316  152
2317  154
2318  161
2319  164
2320  156
2321  162
2322  189
2323  206
2324  168
2325  157
2326  135
2327  110
2328  102
2329  117
2330  162
2331  185
2332  177
2333  188
2334  183
2335  172
2336  157
2337  135
2338  136
2339  159
2340  155
2341  179
2342  186
2343  189
2344  199
2345  193
2346  189
2347  158
2348  128
2349  124
2350  130
2351  131
2352  126
2353  129
2354  132
2355  118
2356  131
2357  132
2358  121
2359  119
2360  118
2361  152
2362  141
2363  116
2364  104
2365  95
2366  103
2367  89
2368  75
2369  85
2370  75
2371  81
2372  94
2373  113
2374  111
2375  115
2376  120
2377  134
2378  151
2379  137
2380  155
2381  157
2382  131
2383  120
2384  121
2385  128
2386  109
2387  124
2388  150
2389  143
2390  134
2391  134
2392  152
2393  130
2394  121
2395  126
2396  124
2397  136
2398  126
2399  134
2400  150
2401  176
2402  151
2403  145
2404  130
2405  112
2406  101
2407  113
2408  135
2409  136
2410  149
2411  175
2412  194
2413  177
2414  175
2415  189
2416  172
2417  159
2418  139
2419  142
2420  133
2421  137
2422  185
2423  191
2424  157
2425  140
2426  104
2427  101
2428  69
2429  108
2430  135
2431  161
2432  190
2433  195
2434  216
2435  203
2436  143
2437  136
2438  133
2439  154
2440  141
2441  157
2442  175
2443  186
2444  189
2445  214
2446  218
2447  194
2448  160
2449  136
2450  121
2451  118
2452  121
2453  137
2454  126
2455  127
2456  144
2457  145
2458  136
2459  117
2460  128
2461  125
2462  96
2463  115
2464  126
2465  132
2466  136
2467  123
2468  111
2469  101
2470  95
2471  94
2472  98
2473  117
2474  106
2475  107
2476  121
2477  142
2478  160
2479  166
2480  168
2481  178
2482  137
2483  135
2484  137
2485  142
2486  120
2487  112
2488  120
2489  122
2490  118
2491  132
2492  133
2493  133
2494  132
2495  130
2496  123
2497  117
2498  105
2499  119
2500  144
2501  180
2502  163
2503  162
2504  145
2505  144
2506  131
2507  131
2508  141
2509  132
2510  131
2511  143
2512  143
2513  156
2514  185
2515  201
2516  196
2517  174
2518  173
2519  169
2520  137
2521  121
2522  143
2523  158
2524  142
2525  132
2526  138
2527  113
2528  104
2529  132
2530  147
2531  170
2532  178
2533  183
2534  211
2535  210
2536  205
2537  181
2538  173
2539  181
2540  161
2541  158
2542  188
2543  190
2544  183
2545  197
2546  197
2547  184
2548  140
2549  145
2550  135
2551  126
2552  126
2553  145
2554  132
2555  120
2556  115
2557  139
2558  104
2559  94
2560  87
2561  98
2562  99
2563  121
2564  130
2565  137
2566  121
2567  126
2568  108
2569  93
2570  83
2571  86
2572  108
2573  125
2574  107
2575  96
2576  119
2577  124
2578  131
2579  141
2580  162
2581  164
2582  122
2583  120
2584  144
2585  131
2586  113
2587  121
2588  136
2589  122
2590  97
2591  106
2592  102
2593  120
2594  141
2595  158
2596  138
2597  112
2598  115
2599  112
2600  136
2601  143
2602  150
2603  133
2604  125
2605  110
2606  90
2607  117
2608  147
2609  145
2610  132
2611  136
2612  116
2613  115
2614  128
2615  154
2616  155
2617  184
2618  201
2619  195
2620  151
2621  139
2622  154
2623  161
2624  147
2625  146
2626  134
2627  120
2628  118
2629  146
2630  190
2631  190
2632  167
2633  178
2634  191
2635  220
2636  212
2637  212
2638  236
2639  219
2640  205
2641  180
2642  196
2643  215
2644  208
2645  209
2646  196
2647  173
2648  148
2649  150
2650  155
2651  144
2652  161
2653  151
2654  147
2655  146
2656  149
2657  137
2658  95
2659  81
2660  84
2661  85
2662  90
2663  107
2664  138
2665  151
2666  155
2667  139
2668  114
2669  109
2670  77
2671  69
2672  87
2673  118
2674  137
2675  128
2676  137
2677  152
2678  136
2679  134
2680  133
2681  116
2682  83
2683  84
2684  101
2685  126
2686  133
2687  153
2688  158
2689  130
2690  96
2691  81
2692  79
2693  78
2694  96
2695  114
2696  126
2697  115
2698  99
2699  112
2700  144
2701  172
2702  182
2703  166
2704  153
2705  135
2706  129
2707  133
2708  161
2709  172
2710  171
2711  182
2712  152
2713  132
2714  134
2715  139
2716  160
2717  172
2718  199
2719  194
2720  170
2721  173
2722  180
2723  189
2724  184
2725  158
2726  155
2727  141
2728  129
2729  128
2730  162
2731  171
2732  175
2733  184
2734  203
2735  199
2736  194
2737  200
2738  205
2739  206
2740  192
2741  185
2742  199
2743  189
2744  170
2745  177
2746  166
2747  141
2748  115
2749  123
2750  128
2751  106
2752  123
2753  118
2754  118
2755  109
2756  117
2757  111
2758  111
2759  97
2760  89
2761  64
2762  45
2763  53
2764  89
2765  121
2766  130
2767  135
2768  141
2769  112
2770  82
2771  78
2772  96
2773  102
2774  109
2775  131
2776  145
2777  157
2778  137
2779  145
2780  147
2781  99
2782  50
2783  48
2784  79
2785  106
2786  123
2787  158
2788  176
2789  172
2790  138
2791  117
2792  100
2793  93
2794  99
2795  110
2796  130
2797  134
2798  135
2799  139
2800  148
2801  157
2802  166
2803  161
2804  137
2805  131
2806  138
2807  147
2808  174
2809  184
2810  176
2811  157
2812  136
2813  127
2814  145
2815  142
2816  141
2817  165
2818  191
2819  177
2820  187
2821  176
2822  187
2823  179
2824  170
2825  168
2826  166
2827  160
2828  143
2829  140
2830  177
2831  182
2832  148
2833  162
2834  179
2835  173
2836  183
2837  183
2838  205
2839  210
2840  211
2841  215
2842  215
2843  217
2844  189
2845  169
2846  152
2847  144
2848  138
2849  136
2850  146
2851  142
2852  146
2853  139
2854  111
2855  91
2856  98
2857  109
2858  129
2859  121
2860  119
2861  113
2862  95
2863  68
2864  86
2865  98
2866  96
2867  99
2868  112
2869  111
2870  111
2871  100
2872  132
2873  126
2874  113
2875  121
2876  124
2877  128
2878  123
2879  119
2880  134
2881  95
2882  73
2883  56
2884  74
2885  74
2886  97
2887  134
2888  160
2889  159
2890  130
2891  117
2892  138
2893  104
2894  98
2895  107
2896  126
2897  110
2898  111
2899  135
2900  152
2901  153
2902  166
2903  159
2904  137
2905  115
2906  135
2907  159
2908  182
2909  210
2910  199
2911  180
2912  162
2913  137
2914  134
2915  117
2916  118
2917  143
2918  165
2919  197
2920  188
2921  176
2922  180
2923  159
2924  159
2925  129
2926  135
2927  135
2928  115
2929  151
2930  193
2931  198
2932  172
2933  154
2934  151
2935  121
2936  126
2937  142
2938  175
2939  173
2940  179
2941  199
2942  223
2943  222
2944  199
2945  172
2946  149
2947  117
2948  118
2949  119
2950  155
2951  152
2952  139
2953  131
2954  109
2955  103
2956  84
2957  91
2958  111
2959  99
2960  105
2961  107
2962  97
2963  105
2964  118
2965  116
2966  98
2967  89
2968  95
2969  89
2970  94
2971  119
2972  152
2973  162
2974  158
2975  167
2976  165
2977  134
2978  122
2979  112
2980  130
2981  120
2982  96
2983  76
2984  82
2985  93
2986  136
2987  154
2988  177
2989  155
2990  120
2991  106
2992  116
2993  121
2994  118
2995  141
2996  160
2997  148
2998  138
2999  144
3000  157
3001  136
3002  153
3003  142
3004  137
3005  120
3006  129
3007  119
3008  153
3009  191
3010  221
3011  197
3012  186
3013  167
3014  157
3015  135
3016  131
3017  145
3018  172
3019  187
3020  193
3021  209
3022  200
3023  198
3024  167
3025  138
3026  150
3027  122
3028  119
3029  132
3030  181
3031  214
3032  202
3033  197
3034  186
3035  155
3036  137
3037  134
3038  117
3039  115
3040  131
3041  170
3042  220
3043  236
3044  239
3045  202
3046  181
3047  147
3048  122
3049  119
3050  132
3051  135
3052  147
3053  147
3054  155
3055  110
3056  90
3057  109
3058  113
3059  101
3060  101
3061  109
3062  112
3063  96
3064  109
3065  122
3066  105
3067  99
3068  98
3069  86
3070  88
3071  103
3072  125
3073  143
3074  135
3075  153
3076  146
3077  120
3078  109
3079  130
3080  147
3081  126
3082  98
3083  80
3084  79
3085  85
3086  94
3087  122
3088  151
3089  125
3090  106
3091  96
3092  115
3093  95
3094  87
3095  127
3096  144
3097  143
3098  146
3099  150
3100  145
3101  130
3102  142
3103  164
3104  154
3105  132
3106  114
3107  121
3108  138
3109  154
3110  167
3111  155
3112  156
3113  147
3114  150
3115  155
3116  153
3117  156
3118  165
3119  170
3120  164
3121  153
3122  146
3123  128
3124  106
3125  125
3126  130
3127  124
3128  120
3129  122
3130  160
3131  144
3132  143
3133  167
3134  182
3135  169
3136  147
3137  142
3138  121
3139  95
3140  103
3141  150
3142  184
3143  209
3144  218
3145  219
3146  224
3147  201
3148  156
3149  145
3150  142
3151  161
3152  150
3153  154
3154  166
3155  145
3156  141
3157  119
3158  127
3159  124
3160  114
3161  134
3162  118
3163  123
3164  146
3165  143
3166  151
3167  125
3168  129
3169  110
3170  113
3171  138
3172  157
3173  154
3174  153
3175  142
3176  147
3177  135
3178  122
3179  134
3180  155
3181  164
3182  138
3183  120
3184  119
3185  98
3186  90
3187  98
3188  113
3189  109
3190  81
3191  92
3192  109
3193  111
3194  104
3195  131
3196  137
3197  134
3198  115
3199  143
3200  140
3201  142
3202  137
3203  157
3204  151
3205  168
3206  158
3207  154
3208  152
3209  140
3210  139
3211  140
3212  134
3213  143
3214  156
3215  180
3216  177
3217  185
3218  194
3219  196
3220  180
3221  171
3222  158
3223  128
3224  103
3225  108
3226  132
3227  161
3228  153
3229  169
3230  176
3231  166
3232  159
3233  154
3234  181
3235  173
3236  163
3237  173
3238  164
3239  150
3240  144
3241  156
3242  188
3243  202
3244  214
3245  218
3246  210
3247  195
3248  167
3249  190
3250  191
3251  168
3252  162
3253  177
3254  169
3255  154
3256  128
3257  120
3258  119
3259  101
3260  96
3261  102
3262  106
3263  121
3264  131
3265  148
3266  134
3267  119
3268  97
3269  81
3270  83
3271  107
3272  118
3273  114
3274  126
3275  144
3276  149
3277  126
3278  92
3279  101
3280  111
3281  110
3282  103
3283  120
3284  134
3285  118
3286  100
3287  105
3288  107
3289  74
3290  45
3291  62
3292  72
3293  75
3294  92
3295  122
3296  161
3297  153
3298  137
3299  130
3300  158
3301  128
3302  108
3303  131
3304  146
3305  149
3306  156
3307  158
3308  148
3309  146
3310  148
3311  143
3312  130
3313  124
3314  131
3315  161
3316  163
3317  174
3318  175
3319  179
3320  172
3321  176
3322  160
3323  128
3324  99
3325  119
3326  128
3327  119
3328  135
3329  157
3330  159
3331  169
3332  148
3333  154
3334  162
3335  165
3336  165
3337  179
3338  191
3339  179
3340  154
3341  178
3342  200
3343  213
3344  211
3345  213
3346  197
3347  195
3348  185
3349  191
3350  198
3351  194
3352  179
3353  183
3354  182
3355  170
3356  158
3357  140
3358  123
3359  124
3360  93
3361  91
3362  106
3363  117
3364  138
3365  145
3366  141
3367  141
3368  112
3369  107
3370  91
3371  91
3372  111
3373  127
3374  128
3375  134
3376  151
3377  142
3378  120
3379  119
3380  111
3381  102
3382  83
3383  98
3384  122
3385  115
3386  120
3387  140
3388  142
3389  102
3390  58
3391  49
3392  49
3393  49
3394  56
3395  93
3396  121
3397  131
3398  141
3399  149
3400  165
3401  155
3402  136
3403  165
3404  196
3405  181
3406  171
3407  171
3408  154
3409  157
3410  159
3411  164
3412  143
3413  134
3414  155
3415  150
3416  146
3417  147
3418  167
3419  186
3420  170
3421  177
3422  173
3423  148
3424  119
3425  124
3426  139
3427  148
3428  157
3429  166
3430  145
3431  115
3432  104
3433  119
3434  137
3435  164
3436  151
3437  180
3438  196
3439  180
3440  165
3441  182
3442  187
3443  174
3444  158
3445  189
3446  170
3447  157
3448  174
3449  196
3450  192
3451  156
3452  154
3453  170
3454  166
3455  163
3456  151
3457  137
3458  125
3459  133
3460  124
3461  102
3462  89
3463  89
3464  95
3465  108
3466  139
3467  140
3468  118
3469  104
3470  88
3471  100
3472  105
3473  109
3474  94
3475  123
3476  139
3477  137
3478  110
3479  111
3480  104
3481  101
3482  80
3483  102
3484  115
3485  117
3486  106
3487  131
3488  144
3489  130
3490  107
3491  102
3492  98
3493  93
3494  85
3495  95
3496  111
3497  154
3498  161
3499  171
3500  148
3501  136
3502  116
3503  137
3504  168
3505  172
3506  178
3507  189
3508  172
3509  155
3510  145
3511  144
3512  123
3513  130
3514  132
3515  129
3516  133
3517  109
3518  135
3519  127
3520  145
3521  172
3522  159
3523  140
3524  108
3525  107
3526  138
3527  154
3528  177
3529  178
3530  158
3531  135
3532  109
3533  108
3534  135
3535  141
3536  149
3537  172
3538  211
3539  218
3540  203
3541  221
3542  221
3543  205
3544  184
3545  162
3546  149
3547  144
3548  178
3549  226
3550  217
3551  214
3552  193
3553  187
3554  172
3555  148
3556  138
3557  147
3558  141
3559  148
3560  158
3561  143
3562  137
3563  127
3564  107
3565  113
3566  96
3567  90
3568  94
3569  108
3570  115
3571  111
3572  126
3573  114
3574  99
3575  111
3576  123
3577  124
3578  101
3579  102
3580  96
3581  80
3582  91
3583  103
3584  120
3585  113
3586  105
3587  127
3588  128
3589  116
3590  116
3591  113
3592  111
3593  97
3594  93
3595  104
3596  111
3597  122
3598  134
3599  157
3600  182
3601  134
3602  120
3603  115
3604  129
3605  149
3606  169
3607  205
3608  186
3609  165
3610  161
3611  163
3612  139
3613  118
3614  119
3615  116
3616  94
3617  102
3618  109
3619  126
3620  144
3621  146
3622  155
3623  130
3624  95
3625  98
3626  109
3627  136
3628  137
3629  154
3630  156
3631  140
3632  123
3633  124
3634  121
3635  120
3636  123
3637  138
3638  161
3639  155
3640  178
3641  203
3642  210
3643  198
3644  189
3645  180
3646  164
3647  104
3648  128
3649  165
3650  184
3651  193
3652  183
3653  183
3654  165
3655  146
3656  138
3657  126
3658  136
3659  135
3660  139
3661  137
3662  146
3663  159
3664  145
3665  122
3666  97
3667  87
3668  83
3669  95
3670  98
3671  129
3672  147
3673  141
3674  129
3675  129
3676  136
3677  132
3678  109
3679  115
3680  110
3681  101
3682  122
3683  131
3684  148
3685  129
3686  120
3687  134
3688  155
3689  159
3690  145
3691  130
3692  128
3693  127
3694  130
3695  119
3696  131
3697  159
3698  183
3699  198
3700  159
3701  129
3702  128
3703  101
3704  110
3705  125
3706  152
3707  152
3708  151
3709  125
3710  127
3711  143
3712  157
3713  148
3714  140
3715  107
3716  101
3717  88
3718  90
3719  108
3720  106
3721  129
3722  157
3723  148
3724  135
3725  101
3726  115
3727  132
3728  122
3729  145
3730  164
3731  160
3732  149
3733  146
3734  152
3735  143
3736  136
3737  133
3738  132
3739  130
3740  140
3741  168
3742  199
3743  203
3744  221
3745  220
3746  202
3747  171
3748  165
3749  175
3750  182
3751  161
3752  176
3753  197
3754  196
3755  195
3756  177
3757  182
3758  165
3759  130
3760  157
3761  163
3762  153
3763  141
3764  154
3765  144
3766  131
3767  110
3768  117
3769  109
3770  102
3771  124
3772  134
3773  123
3774  114
3775  103
3776  110
3777  109
3778  117
3779  124
3780  130
3781  117
3782  127
3783  150
3784  137
3785  128
3786  127
3787  109
3788  114
3789  105
3790  110
3791  134
3792  136
3793  140
3794  120
3795  117
3796  105
3797  111
3798  140
3799  169
3800  113
3801  103
3802  122
3803  121
3804  119
3805  132
3806  155
3807  148
3808  115
3809  78
3810  83
3811  98
3812  122
3813  132
3814  141
3815  139
3816  121
3817  104
3818  93
3819  85
3820  86
3821  85
3822  102
3823  107
3824  87
3825  92
3826  118
3827  134
3828  156
3829  152
3830  152
3831  128
3832  135
3833  153
3834  156
3835  150
3836  159
3837  152
3838  139
3839  138
3840  141
3841  162
3842  192
3843  186
3844  196
3845  204
3846  207
3847  206
3848  199
3849  205
3850  193
3851  180
3852  181
3853  187
3854  202
3855  187
3856  181
3857  186
3858  175
3859  162
3860  163
3861  182
3862  177
3863  163
3864  179
3865  147
3866  137
3867  139
3868  163
3869  148
3870  145
3871  137
3872  151
3873  133
3874  105
3875  88
3876  97
3877  106
3878  115
3879  114
3880  133
3881  135
3882  137
3883  151
3884  164
3885  153
3886  125
3887  92
3888  89
3889  72
3890  95
3891  108
3892  128
3893  124
3894  136
3895  153
3896  140
3897  117
3898  122
3899  119
3900  109
3901  107
3902  104
3903  105
3904  108
3905  131
3906  166
3907  166
3908  151
3909  121
3910  85
3911  83
3912  92
3913  114
3914  145
3915  163
3916  146
3917  131
3918  142
3919  141
3920  130
3921  108
3922  127
3923  115
3924  95
3925  86
3926  123
3927  159
3928  175
3929  183
3930  201
3931  158
3932  141
3933  142
3934  157
3935  163
3936  183
3937  178
3938  152
3939  151
3940  167
3941  165
3942  175
3943  172
3944  191
3945  208
3946  205
3947  194
3948  193
3949  206
3950  210
3951  195
3952  193
3953  203
3954  178
3955  161
3956  188
3957  190
3958  156
3959  117
3960  122
3961  156
3962  146
3963  159
3964  175
3965  159
3966  134
3967  128
3968  137
3969  122
3970  121
3971  125
3972  129
3973  116
3974  97
3975  98
3976  107
3977  108
3978  109
3979  98
3980  93
3981  97
3982  105
3983  143
3984  181
3985  172
3986  139
3987  108
3988  80
3989  66
3990  59
3991  75
3992  106
3993  94
3994  118
3995  135
3996  135
3997  117
3998  131
3999  134
4000  115
4001  102
4002  116
4003  106
4004  84
4005  104
4006  140
4007  150
4008  140
4009  106
4010  99
4011  91
4012  98
4013  113
4014  111
4015  128
4016  118
4017  116
4018  143
4019  134
4020  129
4021  116
4022  115
4023  118
4024  105
4025  97
4026  105
4027  120
4028  132
4029  160
4030  170
4031  173
4032  154
4033  153
4034  153
4035  156
4036  171
4037  181
4038  180
4039  181
4040  178
4041  169
4042  163
4043  164
4044  163
4045  178
4046  213
4047  204
4048  200
4049  200
4050  209
4051  196
4052  196
4053  185
4054  181
4055  184
4056  202
4057  220
4058  189
4059  156
4060  163
4061  150
4062  140
4063  135
4064  171
4065  191
4066  173
4067  173
4068  176
4069  175
4070  148
4071  133
4072  130
4073  127
4074  116
4075  110
4076  131
4077  144
4078  125
4079  122
4080  115
4081  111
4082  92
4083  93
4084  139
4085  154
4086  148
4087  128
4088  94
4089  72
4090  78
4091  86
4092  82
4093  74
4094  89
4095  92
4096  84
4097  70
4098  105
4099  122
4100  125
4101  130
4102  135
4103  128
4104  115
4105  133
4106  169
4107  179
4108  135
4109  126
4110  119
4111  115
4112  105
4113  106
4114  144
4115  156
4116  127
4117  128
4118  140
4119  138
4120  121
4121  129
4122  139
4123  132
4124  117
4125  123
4126  135
4127  146
4128  142
4129  149
4130  154
4131  146
4132  130
4133  131
4134  127
4135  149
4136  168
4137  190
4138  189
4139  181
4140  212
4141  198
4142  153
4143  140
4144  114
4145  138
4146  161
4147  179
4148  217
4149  220
4150  194
4151  175
4152  170
4153  180
4154  158
4155  153
4156  176
4157  192
4158  176
4159  168
4160  175
4161  171
4162  156
4163  135
4164  137
4165  136
4166  137
4167  146
4168  179
4169  182
4170  167
4171  158
4172  140
4173  125
4174  115
4175  90
4176  114
4177  119
4178  124
4179  137
4180  125
4181  107
4182  72
4183  72
4184  103
4185  116
4186  113
4187  110
4188  100
4189  102
4190  102
4191  122
4192  102
4193  90
4194  82
4195  87
4196  72
4197  77
4198  98
4199  135
4200  106
4201  112
4202  124
4203  139
4204  119
4205  112
4206  143
4207  169
4208  155
4209  153
4210  143
4211  137
4212  94
4213  100
4214  129
4215  122
4216  111
4217  94
4218  101
4219  128
4220  114
4221  126
4222  130
4223  125
4224  124
4225  117
4226  122
4227  132
4228  130
4229  148
4230  145
4231  140
4232  123
4233  114
4234  133
4235  141
4236  141
4237  166
4238  189
4239  206
4240  222
4241  217
4242  188
4243  148
4244  129
4245  138
4246  132
4247  166
4248  189
4249  212
4250  208
4251  195
4252  197
4253  179
4254  161
4255  170
4256  167
4257  185
4258  165
4259  163
4260  187
4261  208
4262  188
4263  181
4264  166
4265  161
4266  120
4267  113
4268  146
4269  170
4270  176
4271  185
4272  188
4273  176
4274  133
4275  128
4276  137
4277  149
4278  135
4279  118
4280  123
4281  102
4282  97
4283  101
4284  93
4285  104
4286  103
4287  107
4288  99
4289  98
4290  118
4291  119
4292  106
4293  81
4294  81
4295  73
4296  85
4297  82
4298  92
4299  117
4300  115
4301  111
4302  122
4303  122
4304  101
4305  90
4306  129
4307  163
4308  141
4309  132
4310  155
4311  141
4312  106
4313  113
4314  117
4315  103
4316  63
4317  59
4318  79
4319  86
4320  99
4321  119
4322  130
4323  145
4324  130
4325  131
4326  113
4327  109
4328  100
4329  106
4330  111
4331  135
4332  135
4333  141
4334  130
4335  116
4336  120
4337  133
4338  144
4339  153
4340  162
4341  191
4342  167
4343  162
4344  170
4345  149
4346  139
4347  140
4348  169
4349  185
4350  166
4351  184
4352  181
4353  175
4354  169
4355  164
4356  176
4357  180
4358  191
4359  197
4360  189
4361  196
4362  203
4363  210
4364  199
4365  195
4366  157
4367  155
4368  169
4369  195
4370  190
4371  187
4372  191
4373  173
4374  151
4375  163
4376  169
4377  171
4378  150
4379  151
4380  142
4381  110
4382  107
4383  97
4384  104
4385  128
4386  112
4387  115
4388  94
4389  108
4390  123
4391  133
4392  126
4393  113
4394  100
4395  92
4396  94
4397  96
4398  105
4399  116
4400  105
4401  97
4402  113
4403  131
4404  120
4405  104
4406  114
4407  130
4408  115
4409  131
4410  142
4411  123
4412  116
4413  118
4414  138
4415  129
4416  87
4417  87
4418  85
4419  83
4420  67
4421  67
4422  108
4423  128
4424  156
4425  170
4426  162
4427  137
4428  95
4429  92
4430  112
4431  138
4432  148
4433  161
4434  177
4435  158
4436  129
4437  148
4438  151
4439  129
4440  147
4441  167
4442  167
4443  170
4444  183
4445  195
4446  190
4447  202
4448  219
4449  189
4450  161
4451  170
4452  179
4453  194
4454  177
4455  182
4456  198
4457  191
4458  186
4459  188
4460  201
4461  209
4462  198
4463  204
4464  197
4465  195
4466  171
4467  171
4468  200
4469  200
4470  174
4471  172
4472  174
4473  169
4474  146
4475  150
4476  136
4477  122
4478  131
4479  157
4480  142
4481  127
4482  110
4483  91
4484  80
4485  83
4486  81
4487  75
4488  53
4489  72
4490  85
4491  107
4492  116
4493  134
4494  115
4495  102
4496  86
4497  70
4498  73
4499  93
4500  79
4501  84
4502  117
4503  137
4504  124
4505  114
4506  117
4507  122
4508  104
4509  101
4510  119
4511  93
4512  83
4513  110
4514  118
4515  124
4516  112
4517  102
4518  103
4519  84
4520  62
4521  56
4522  58
4523  73
4524  111
4525  121
4526  145
4527  136
4528  127
4529  119
4530  114
4531  119
4532  125
4533  140
4534  157
4535  151
4536  134
4537  134
4538  144
4539  133
4540  152
4541  167
4542  157
4543  148
4544  161
4545  185
4546  201
4547  231
4548  235
4549  233
4550  197
4551  173
4552  175
4553  170
4554  192
4555  208
4556  195
4557  195
4558  175
4559  185
4560  199
4561  200
4562  207
4563  217
4564  227
4565  213
4566  196
4567  182
4568  208
4569  197
4570  162
4571  165
4572  182
4573  164
4574  153
4575  153
4576  160
4577  126
4578  115
4579  118
4580  138
4581  146
4582  139
4583  138
4584  128
4585  118
4586  94
4587  62
4588  60
4589  55
4590  79
4591  105
4592  120
4593  147
4594  139
4595  124
4596  116
4597  110
4598  102
4599  86
4600  89
4601  84
4602  104
4603  115
4604  113
4605  113
4606  123
4607  135
4608  121
4609  120
4610  123
4611  102
4612  75
4613  92
4614  106
4615  128
4616  129
4617  136
4618  144
4619  124
4620  101
4621  96
4622  104
4623  90
4624  78
4625  113
4626  147
4627  146
4628  127
4629  132
4630  149
4631  149
4632  166
4633  166
4634  163
4635  149
4636  128
4637  133
4638  145
4639  136
4640  160
4641  160
4642  158
4643  160
4644  175
4645  188
4646  201
4647  212
4648  238
4649  230
4650  200
4651  192
4652  202
4653  185
4654  194
4655  187
4656  207
4657  196
4658  166
4659  161
4660  170
4661  159
4662  154
4663  192
4664  218
4665  208
4666  197
4667  184
4668  197
4669  180
4670  147
4671  138
4672  127
4673  120
4674  120
4675  132
4676  144
4677  138
4678  126
4679  112
4680  107
4681  101
4682  108
4683  121
4684  134
4685  130
4686  106
4687  91
4688  94
4689  71
4690  78
4691  82
4692  92
4693  99
4694  114
4695  124
4696  142
4697  132
4698  126
4699  107
4700  118
4701  118
4702  111
4703  121
4704  125
4705  119
4706  129
4707  109
4708  117
4709  104
4710  126
4711  123
4712  94
4713  96
4714  102
4715  95
4716  118
4717  111
4718  140
4719  141
4720  124
4721  108
4722  106
4723  96
4724  94
4725  111
4726  150
4727  140
4728  116
4729  120
4730  131
4731  139
4732  161
4733  169
4734  173
4735  159
4736  146
4737  146
4738  159
4739  164
4740  143
4741  157
4742  175
4743  164
4744  168
4745  188
4746  200
4747  210
4748  212
4749  218
4750  210
4751  196
4752  203
4753  192
4754  196
4755  202
4756  211
4757  197
4758  180
4759  164
4760  184
4761  165
4762  148
4763  167
4764  182
4765  187
4766  192
4767  214
4768  232
4769  200
4770  168
4771  133
4772  133
4773  110
4774  95
4775  110
4776  131
4777  135
4778  121
4779  118
4780  123
4781  115
4782  109
4783  92
4784  88
4785  84
4786  93
4787  97
4788  111
4789  104
4790  97
4791  107
4792  87
4793  91
4794  101
4795  86
4796  85
4797  90
4798  128
4799  121
4800  115
4801  138
4802  156
4803  153
4804  157
4805  171
4806  149
4807  134
4808  123
4809  115
4810  145
4811  140
4812  121
4813  107
4814  116
4815  111
4816  106
4817  127
4818  152
4819  136
4820  115
4821  114
4822  125
4823  109
4824  102
4825  125
4826  148
4827  132
4828  124
4829  114
4830  108
4831  107
4832  126
4833  147
4834  135
4835  124
4836  134
4837  127
4838  166
4839  185
4840  181
4841  180
4842  154
4843  143
4844  131
4845  131
4846  153
4847  171
4848  208
4849  228
4850  217
4851  188
4852  187
4853  178
4854  166
4855  165
4856  172
4857  161
4858  141
4859  158
4860  189
4861  172
4862  147
4863  132
4864  131
4865  128
4866  143
4867  182
4868  189
4869  187
4870  176
4871  154
4872  152
4873  122
4874  119
4875  119
4876  135
4877  139
4878  104
4879  113
4880  131
4881  122
4882  128
4883  110
4884  104
4885  87
4886  101
4887  124
4888  144
4889  137
4890  140
4891  144
4892  127
4893  114
4894  123
4895  114
4896  97
4897  99
4898  118
4899  119
4900  93
4901  97
4902  106
4903  121
4904  153
4905  144
4906  137
4907  129
4908  112
4909  132
4910  135
4911  139
4912  118
4913  77
4914  81
4915  68
4916  74
4917  95
4918  111
4919  115
4920  107
4921  134
4922  133
4923  120
4924  109
4925  120
4926  150
4927  144
4928  128
4929  116
4930  116
4931  110
4932  139
4933  163
4934  165
4935  140
4936  122
4937  125
4938  156
4939  171
4940  201
4941  211
4942  222
4943  190
4944  145
4945  142
4946  147
4947  148
4948  190
4949  205
4950  216
4951  204
4952  206
4953  201
4954  174
4955  174
4956  176
4957  152
4958  131
4959  151
4960  190
4961  196
4962  174
4963  169
4964  160
4965  145
4966  119
4967  132
4968  159
4969  164
4970  161
4971  172
4972  178
4973  176
4974  164
4975  148
4976  162
4977  143
4978  122
4979  115
4980  107
4981  105
4982  111
4983  128
4984  117
4985  97
4986  99
4987  126
4988  132
4989  149
4990  164
4991  146
4992  102
4993  86
4994  101
4995  110
4996  106
4997  107
4998  110
4999  109
5000  103
5001  105
5002  125
5003  122
5004  126
5005  126
5006  117
5007  110
5008  111
5009  131
5010  153
5011  164
5012  133
5013  111
5014  88
5015  55
5016  33
5017  52
5018  86
5019  89
5020  96
5021  133
5022  117
5023  119
5024  123
5025  133
5026  134
5027  133
5028  118
5029  116
5030  105
5031  121
5032  134
5033  156
5034  159
5035  149
5036  129
5037  118
5038  117
5039  143
5040  158
5041  165
5042  177
5043  179
5044  178
5045  178
5046  175
5047  154
5048  137
5049  170
5050  173
5051  171
5052  181
5053  169
5054  168
5055  175
5056  182
5057  170
5058  145
5059  141
5060  164
5061  175
5062  185
5063  187
5064  171
5065  164
5066  142
5067  141
5068  148
5069  153
5070  171
5071  183
5072  199
5073  192
5074  169
5075  178
5076  177
5077  167
5078  138
5079  130
5080  141
5081  119
5082  128
5083  146
5084  124
5085  100
5086  85
5087  127
5088  145
5089  155
5090  178
5091  164
5092  141
5093  124
5094  132
5095  120
5096  101
5097  101
5098  113
5099  112
5100  82
5101  85
5102  108
5103  127
5104  130
5105  138
5106  130
5107  109
5108  84
5109  95
5110  129
5111  147
5112  149
5113  134
5114  107
5115  83
5116  55
5117  79
5118  97
5119  77
5120  71
5121  95
5122  108
5123  107
5124  131
5125  154
5126  160
5127  166
5128  143
5129  147
5130  130
5131  113
5132  136
5133  167
5134  178
5135  167
5136  141
5137  148
5138  149
5139  149
5140  150
5141  170
5142  153
5143  178
5144  186
5145  192
5146  192
5147  180
5148  186
5149  194
5150  164
5151  174
5152  165
5153  165
5154  161
5155  169
5156  169
5157  152
5158  145
5159  153
5160  179
5161  188
5162  174
5163  176
5164  166
5165  156
5166  149
5167  142
5168  156
5169  152
5170  152
5171  164
5172  174
5173  180
5174  183
5175  175
5176  160
5177  144
5178  126
5179  128
5180  133
5181  133
5182  139
5183  142
5184  105
5185  89
5186  81
5187  98
5188  98
5189  101
5190  118
5191  140
5192  126
5193  132
5194  137
5195  149
5196  133
5197  110
5198  90
5199  93
5200  75
5201  59
5202  66
5203  89
5204  89
5205  125
5206  127
5207  116
5208  97
5209  100
5210  111
5211  111
5212  92
5213  83
5214  77
5215  76
5216  85
5217  104
5218  99
5219  84
5220  63
5221  70
5222  65
5223  70
5224  101
5225  123
5226  146
5227  166
5228  162
5229  171
5230  148
5231  131
5232  140
5233  159
5234  178
5235  152
5236  133
5237  139
5238  125
5239  123
5240  135
5241  157
5242  156
5243  154
5244  160
5245  176
5246  174
5247  184
5248  185
5249  200
5250  187
5251  178
5252  185
5253  194
5254  177
5255  168
5256  144
5257  151
5258  141
5259  149
5260  175
5261  198
5262  200
5263  209
5264  197
5265  191
5266  163
5267  176
5268  175
5269  167
5270  146
5271  157
5272  174
5273  183
5274  178
5275  176
5276  170
5277  149
5278  137
5279  141
5280  130
5281  140
5282  151
5283  169
5284  157
5285  131
5286  116
5287  96
5288  110
5289  97
5290  111
5291  118
5292  107
5293  114
5294  129
5295  158
5296  157
5297  141
5298  131
5299  106
5300  110
5301  67
5302  88
5303  102
5304  92
5305  112
5306  131
5307  136
5308  124
5309  135
5310  138
5311  122
5312  117
5313  118
5314  96
5315  94
5316  105
5317  132
5318  163
5319  148
5320  122
5321  106
5322  96
5323  95
5324  87
5325  123
5326  130
5327  159
5328  194
5329  204
5330  193
5331  170
5332  164
5333  195
5334  185
5335  168
5336  154
5337  139
5338  126
5339  120
5340  138
5341  150
5342  117
5343  132
5344  161
5345  156
5346  158
5347  167
5348  168
5349  167
5350  166
5351  169
5352  169
5353  163
5354  164
5355  149
5356  157
5357  154
5358  133
5359  126
5360  119
5361  141
5362  140
5363  148
5364  184
5365  190
5366  197
5367  186
5368  175
5369  162
5370  134
5371  139
5372  129
5373  126
5374  140
5375  141
5376  142
5377  145
5378  154
5379  147
5380  114
5381  116
5382  120
5383  144
5384  134
5385  124
5386  111
5387  111
5388  114
5389  105
5390  103
5391  122
5392  102
5393  84
5394  93
5395  138
5396  155
5397  153
5398  146
5399  141
5400  121
5401  111
5402  112
5403  112
5404  121
5405  117
5406  151
5407  143
5408  111
5409  99
5410  91
5411  108
5412  124
5413  126
5414  110
5415  104
5416  111
5417  115
5418  138
5419  134
5420  127
5421  101
5422  106
5423  94
5424  91
5425  110
5426  125
5427  140
5428  160
5429  181
5430  184
5431  151
5432  158
5433  161
5434  147
5435  135
5436  135
5437  168
5438  140
5439  113
5440  127
5441  115
5442  99
5443  103
5444  122
5445  141
5446  137
5447  139
5448  153
5449  160
5450  170
5451  171
5452  179
5453  177
5454  168
5455  156
5456  166
5457  172
5458  164
5459  152
5460  146
5461  143
5462  139
5463  146
5464  164
5465  174
5466  183
5467  201
5468  224
5469  201
5470  165
5471  160
5472  131
5473  121
5474  132
5475  138
5476  136
5477  136
5478  153
5479  166
5480  141
5481  138
5482  141
5483  130
5484  134
5485  121
5486  120
5487  129
5488  127
5489  136
5490  136
5491  134
5492  109
5493  92
5494  102
5495  126
5496  129
5497  116
5498  123
5499  146
5500  127
5501  131
5502  139
5503  152
5504  144
5505  147
5506  172
5507  157
5508  147
5509  134
5510  136
5511  126
5512  119
5513  123
5514  111
5515  122
5516  129
5517  130
5518  153
5519  141
5520  128
5521  124
5522  103
5523  88
5524  91
5525  107
5526  132
5527  127
5528  156
5529  175
5530  159
5531  134
5532  120
5533  100
5534  96
5535  99
5536  134
5537  157
5538  140
5539  136
5540  136
5541  134
5542  90
5543  71
5544  93
5545  88
5546  91
5547  95
5548  117
5549  135
5550  152
5551  163
5552  184
5553  181
5554  165
5555  139
5556  133
5557  151
5558  137
5559  146
5560  163
5561  167
5562  163
5563  137
5564  129
5565  129
5566  133
5567  161
5568  183
5569  175
5570  172
5571  160
5572  163
5573  152
5574  161
5575  142
5576  119
5577  114
5578  132
5579  143
5580  138
5581  129
5582  159
5583  160
5584  161
5585  130
5586  141
5587  160
5588  158
5589  148
5590  160
5591  166
5592  142
5593  121
5594  124
5595  140
5596  140
5597  126
5598  140
5599  145
5600  123
5601  111
5602  133
5603  137
5604  149
5605  138
5606  139
5607  166
5608  157
5609  138
5610  156
5611  137
5612  131
5613  108
5614  93
5615  85
5616  89
5617  106
5618  122
5619  133
5620  130
5621  144
5622  143
5623  115
5624  105
5625  111
5626  119
5627  120
5628  141
5629  164
5630  154
5631  123
5632  124
5633  118
5634  95
5635  95
5636  125
5637  135
5638  153
5639  121
5640  147
5641  163
5642  132
5643  119
5644  117
5645  111
5646  97
5647  60
5648  99
5649  105
5650  129
5651  159
5652  199
5653  201
5654  185
5655  169
5656  156
5657  152
5658  143
5659  160
5660  187
5661  182
5662  171
5663  169
5664  158
5665  144
5666  146
5667  148
5668  151
5669  168
5670  165
5671  176
5672  183
5673  164
5674  186
5675  173
5676  149
5677  127
5678  110
5679  112
5680  100
5681  102
5682  139
5683  148
5684  152
5685  147
5686  152
5687  151
5688  135
5689  121
5690  152
5691  160
5692  148
5693  110
5694  121
5695  121
5696  132
5697  130
5698  131
5699  136
5700  140
5701  143
5702  163
5703  143
5704  159
5705  145
5706  166
5707  173
5708  165
5709  158
5710  157
5711  155
5712  146
5713  138
5714  142
5715  110
5716  99
5717  74
5718  80
5719  89
5720  100
5721  123
5722  126
5723  130
5724  139
5725  125
5726  115
5727  99
5728  98
5729  95
5730  87
5731  99
5732  112
5733  96
5734  82
5735  86
5736  100
5737  114
5738  116
5739  90
5740  97
5741  121
5742  120
5743  122
5744  130
5745  137
5746  97
5747  60
5748  72
5749  78
5750  87
5751  117
5752  170
5753  192
5754  161
5755  142
5756  151
5757  164
5758  168
5759  171
5760  188
5761  173
5762  173
5763  176
5764  161
5765  151
5766  151
5767  135
5768  143
5769  156
5770  178
5771  194
5772  201
5773  187
5774  187
5775  189
5776  176
5777  131
5778  128
5779  142
5780  137
5781  130
5782  145
5783  164
5784  139
5785  144
5786  154
5787  169
5788  149
5789  140
5790  166
5791  169
5792  159
5793  150
5794  156
5795  146
5796  135
5797  130
5798  127
5799  127
5800  115
5801  110
5802  130
5803  149
5804  151
5805  146
5806  151
5807  169
5808  160
5809  151
5810  145
5811  121
5812  115
5813  143
5814  153
5815  139
5816  119
5817  112
5818  84
5819  67
5820  78
5821  86
5822  100
5823  106
5824  136
5825  162
5826  153
5827  122
5828  135
5829  122
5830  123
5831  104
5832  100
5833  91
5834  86
5835  102
5836  140
5837  153
5838  151
5839  134
5840  113
5841  121
5842  123
5843  122
5844  155
5845  164
5846  146
5847  126
5848  119
5849  120
5850  100
5851  131
5852  154
5853  154
5854  143
5855  135
5856  158
5857  151
5858  163
5859  182
5860  206
5861  208
5862  202
5863  183
5864  164
5865  148
5866  144
5867  131
5868  135
5869  149
5870  161
5871  167
5872  184
5873  198
5874  195
5875  187
5876  144
5877  103
5878  96
5879  92
5880  108
5881  116
5882  154
5883  151
5884  124
5885  114
5886  127
5887  135
5888  106
5889  94
5890  122
5891  141
5892  142
5893  146
5894  168
5895  167
5896  135
5897  134
5898  118
5899  123
5900  100
5901  110
5902  117
5903  135
5904  135
5905  133
5906  149
5907  158
5908  159
5909  154
5910  155
5911  132
5912  107
5913  111
5914  129
5915  143
5916  135
5917  139
5918  103
5919  76
5920  69
5921  74
5922  79
5923  92
5924  118
5925  108
5926  109
5927  126
5928  135
5929  157
5930  152
5931  136
5932  125
5933  98
5934  88
5935  88
5936  114
5937  137
5938  132
5939  123
5940  121
5941  127
5942  106
5943  107
5944  138
5945  165
5946  148
5947  119
5948  132
5949  126
5950  107
5951  110
5952  137
5953  148
5954  141
5955  137
5956  141
5957  132
5958  146
5959  172
5960  188
5961  195
5962  187
5963  185
5964  176
5965  176
5966  166
5967  150
5968  145
5969  138
5970  143
5971  163
5972  157
5973  170
5974  178
5975  191
5976  173
5977  121
5978  98
5979  115
5980  104
5981  107
5982  126
5983  148
5984  148
5985  154
5986  173
5987  145
5988  109
5989  88
5990  104
5991  122
5992  135
5993  169
5994  185
5995  189
5996  185
5997  174
5998  169
5999  134
6000  156
6001  149
6002  145
6003  146
6004  130
6005  149
6006  145
6007  159
6008  152
6009  165
6010  173
6011  137
6012  126
6013  141
6014  148
6015  164
6016  157
6017  161
6018  134
6019  104
6020  98
6021  107
6022  79
6023  93
6024  101
6025  107
6026  116
6027  130
6028  140
6029  168
6030  155
6031  161
6032  146
6033  131
6034  109
6035  111
6036  123
6037  139
6038  127
6039  134
6040  127
6041  115
6042  97
6043  104
6044  130
6045  155
6046  143
6047  141
6048  128
6049  111
6050  80
6051  91
6052  127
6053  116
6054  127
6055  110
6056  111
6057  137
6058  128
6059  149
6060  152
6061  148
6062  142
6063  137
6064  160
6065  182
6066  168
6067  177
6068  170
6069  164
6070  150
6071  138
6072  119
6073  118
6074  118
6075  123
6076  134
6077  125
6078  127
6079  141
6080  119
6081  106
6082  116
6083  124
6084  116
6085  113
6086  137
6087  141
6088  115
6089  100
6090  127
6091  136
6092  129
6093  147
6094  161
6095  197
6096  185
6097  170
6098  191
6099  174
6100  158
6101  172
6102  185
6103  156
6104  139
6105  126
6106  128
6107  139
6108  135
6109  138
6110  130
6111  109
6112  99
6113  108
6114  147
6115  171
6116  162
6117  147
6118  131
6119  100
6120  88
6121  81
6122  72
6123  75
6124  96
6125  105
6126  105
6127  121
6128  133
6129  151
6130  161
6131  139
6132  124
6133  117
6134  81
6135  96
6136  116
6137  153
6138  159
6139  140
6140  143
6141  106
6142  68
6143  81
6144  98
6145  125
6146  128
6147  141
6148  144
6149  151
6150  124
6151  128
6152  134
6153  121
6154  117
6155  120
6156  127
6157  140
6158  147
6159  160
6160  156
6161  161
6162  141
6163  147
6164  163
6165  160
6166  181
6167  181
6168  185
6169  179
6170  169
6171  180
6172  150
6173  130
6174  120
6175  103
6176  109
6177  110
6178  121
6179  145
6180  152
6181  152
6182  153
6183  144
6184  112
6185  110
6186  121
6187  139
6188  124
6189  135
6190  129
6191  158
6192  154
6193  173
6194  179
6195  175
6196  152
6197  141
6198  150
6199  174
6200  151
6201  186
6202  198
6203  180
6204  166
6205  160
6206  157
6207  126
6208  131
6209  155
6210  147
6211  135
6212  109
6213  121
6214  127
6215  151
6216  166
6217  165
6218  163
6219  133
6220  97
6221  109
6222  113
6223  109
6224  106
6225  104
6226  100
6227  113
6228  125
6229  143
6230  148
6231  144
6232  156
6233  110
6234  79
6235  76
6236  92
6237  140
6238  149
6239  162
6240  163
6241  115
6242  97
6243  94
6244  87
6245  75
6246  61
6247  94
6248  112
6249  134
6250  123
6251  114
6252  129
6253  131
6254  95
6255  95
6256  79
6257  104
6258  101
6259  124
6260  160
6261  153
6262  134
6263  131
6264  128
6265  134
6266  124
6267  142
6268  158
6269  165
6270  170
6271  178
6272  145
6273  146
6274  141
6275  137
6276  99
6277  90
6278  100
6279  127
6280  152
6281  150
6282  168
6283  155
6284  139
6285  121
6286  143
6287  165
6288  160
6289  143
6290  160
6291  182
6292  164
6293  170
6294  186
6295  181
6296  172
6297  162
6298  169
6299  175
6300  160
6301  159
6302  177
6303  171
6304  143
6305  135
6306  126
6307  107
6308  115
6309  127
6310  133
6311  124
6312  101
6313  94
6314  103
6315  118
6316  126
6317  130
6318  132
6319  109
6320  100
6321  128
6322  136
6323  140
6324  129
6325  131
6326  114
6327  94
6328  112
6329  124
6330  116
6331  123
6332  129
6333  136
6334  98
6335  77
6336  108
6337  116
6338  124
6339  136
6340  151
6341  135
6342  111
6343  113
6344  111
6345  88
6346  101
6347  89
6348  95
6349  92
6350  97
6351  108
6352  136
6353  150
6354  136
6355  130
6356  132
6357  116
6358  111
6359  134
6360  159
6361  148
6362  152
6363  148
6364  153
6365  148
6366  133
6367  148
6368  158
6369  163
6370  184
6371  187
6372  191
6373  171
6374  155
6375  135
6376  113
6377  136
6378  129
6379  141
6380  143
6381  149
6382  142
6383  145
6384  152
6385  142
6386  142
6387  160
6388  168
6389  158
6390  168
6391  180
6392  171
6393  173
6394  179
6395  159
6396  129
6397  133
6398  163
6399  175
6400  146
6401  175
6402  201
6403  174
6404  156
6405  144
6406  129
6407  106
6408  101
6409  119
6410  129
6411  125
6412  138
6413  126
6414  145
6415  128
6416  116
6417  103
6418  103
6419  107
6420  86
6421  112
6422  147
6423  146
6424  157
6425  151
6426  141
6427  112
6428  98
6429  78
6430  69
6431  80
6432  107
6433  116
6434  101
6435  102
6436  106
6437  108
6438  122
6439  131
6440  153
6441  124
6442  93
6443  106
6444  111
6445  124
6446  107
6447  111
6448  117
6449  108
6450  97
6451  83
6452  105
6453  116
6454  110
6455  126
6456  152
6457  149
6458  147
6459  149
6460  166
6461  142
6462  131
6463  137
6464  139
6465  141
6466  149
6467  147
6468  146
6469  138
6470  177
6471  191
6472  181
6473  171
6474  178
6475  161
6476  137
6477  136
6478  142
6479  147
6480  150
6481  157
6482  168
6483  162
6484  156
6485  136
6486  145
6487  164
6488  161
6489  147
6490  152
6491  162
6492  170
6493  189
6494  197
6495  170
6496  136
6497  115
6498  120
6499  126
6500  118
6501  139
6502  156
6503  140
6504  139
6505  139
6506  150
6507  139
6508  116
6509  120
6510  125
6511  111
6512  111
6513  129
6514  145
6515  153
6516  159
6517  146
6518  127
6519  98
6520  96
6521  131
6522  145
6523  160
6524  178
6525  175
6526  178
6527  135
6528  128
6529  119
6530  94
6531  99
6532  116
6533  118
6534  116
6535  124
6536  140
6537  139
6538  141
6539  138
6540  141
6541  134
6542  121
6543  122
6544  128
6545  121
6546  122
6547  137
6548  146
6549  145
6550  113
6551  112
6552  104
6553  82
6554  92
6555  107
6556  139
6557  152
6558  157
6559  161
6560  167
6561  147
6562  144
6563  146
6564  142
6565  128
6566  129
6567  127
6568  147
6569  135
6570  151
6571  160
6572  157
6573  167
6574  164
6575  152
6576  137
6577  111
6578  120
6579  119
6580  126
6581  126
6582  146
6583  144
6584  140
6585  136
6586  137
6587  141
6588  129
6589  104
6590  121
6591  111
6592  121
6593  147
6594  178
6595  189
6596  157
6597  127
6598  128
6599  120
6600  126
6601  122
6602  133
6603  124
6604  128
6605  138
6606  147
6607  145
6608  125
6609  134
6610  149
6611  123
6612  114
6613  112
6614  129
6615  137
6616  151
6617  169
6618  171
6619  149
6620  127
6621  105
6622  134
6623  142
6624  167
6625  171
6626  145
6627  130
6628  126
6629  124
6630  129
6631  107
6632  125
6633  116
6634  117
6635  124
6636  128
6637  130
6638  113
6639  93
6640  113
6641  119
6642  108
6643  100
6644  138
6645  134
6646  139
6647  136
6648  145
6649  118
6650  91
6651  94
6652  92
6653  85
6654  104
6655  123
6656  152
6657  143
6658  142
6659  129
6660  131
6661  143
6662  148
6663  165
6664  149
6665  149
6666  164
6667  157
6668  148
6669  133
6670  138
6671  156
6672  153
6673  153
6674  153
6675  168
6676  150
6677  139
6678  149
6679  158
6680  150
6681  135
6682  142
6683  140
6684  144
6685  139
6686  148
6687  138
6688  142
6689  121
6690  112
6691  88
6692  95
6693  116
6694  134
6695  142
6696  165
6697  168
6698  159
6699  144
6700  165
6701  176
6702  166
6703  161
6704  140
6705  138
6706  146
6707  141
6708  143
6709  141
6710  148
6711  128
6712  150
6713  181
6714  173
6715  144
6716  156
6717  163
6718  159
6719  160
6720  163
6721  157
6722  156
6723  150
6724  166
6725  162
6726  157
6727  163
6728  148
6729  169
6730  143
6731  134
6732  144
6733  155
6734  165
6735  153
6736  135
6737  137
6738  122
6739  117
6740  112
6741  109
6742  95
6743  85
6744  117
6745  129
6746  138
6747  153
6748  147
6749  115
6750  91
6751  84
6752  92
6753  67
6754  83
6755  123
6756  142
6757  147
6758  140
6759  126
6760  123
6761  107
6762  113
6763  131
6764  139
6765  155
6766  159
6767  159
6768  166
6769  158
6770  150
6771  152
6772  134
6773  93
6774  87
6775  105
6776  122
6777  129
6778  162
6779  183
6780  151
6781  130
6782  111
6783  110
6784  86
6785  101
6786  116
6787  109
6788  109
6789  111
6790  122
6791  126
6792  93
6793  96
6794  100
6795  98
6796  128
6797  132
6798  143
6799  148
6800  164
6801  187
6802  197
6803  184
6804  141
6805  145
6806  143
6807  145
6808  118
6809  121
6810  135
6811  127
6812  138
6813  163
6814  164
6815  164
6816  158
6817  165
6818  162
6819  147
6820  159
6821  147
6822  139
6823  152
6824  149
6825  169
6826  163
6827  155
6828  165
6829  153
6830  136
6831  123
6832  124
6833  144
6834  156
6835  142
6836  150
6837  146
6838  130
6839  110
6840  122
6841  118
6842  91
6843  78
6844  82
6845  91
6846  96
6847  121
6848  137
6849  141
6850  130
6851  133
6852  111
6853  85
6854  96
6855  106
6856  123
6857  146
6858  148
6859  160
6860  133
6861  112
6862  136
6863  136
6864  142
6865  124
6866  123
6867  151
6868  158
6869  165
6870  161
6871  160
6872  148
6873  102
6874  92
6875  94
6876  103
6877  96
6878  138
6879  180
6880  181
6881  151
6882  127
6883  108
6884  96
6885  98
6886  93
6887  104
6888  121
6889  130
6890  129
6891  118
6892  122
6893  131
6894  112
6895  121
6896  113
6897  117
6898  113
6899  132
6900  173
6901  205
6902  199
6903  183
6904  182
6905  174
6906  165
6907  138
6908  132
6909  152
6910  143
6911  151
6912  155
6913  175
6914  150
6915  119
6916  131
6917  147
6918  155
6919  158
6920  173
6921  178
6922  156
6923  166
6924  150
6925  161
6926  147
6927  134
6928  139
6929  163
6930  164
6931  135
6932  128
6933  133
6934  131
6935  147
6936  135
6937  134
6938  122
6939  101
6940  126
6941  126
6942  122
6943  99
6944  76
6945  65
6946  35
6947  55
6948  86
6949  109
6950  120
6951  139
6952  116
6953  101
6954  88
6955  115
6956  124
6957  134
6958  126
6959  127
6960  118
6961  113
6962  117
6963  143
6964  146
6965  127
6966  131
6967  146
6968  142
6969  132
6970  136
6971  157
6972  135
6973  126
6974  124
6975  126
6976  115
6977  107
6978  130
6979  153
6980  134
6981  131
6982  138
6983  128
6984  102
6985  98
6986  105
6987  108
6988  113
6989  130
6990  139
6991  146
6992  144
6993  143
6994  135
6995  115
6996  115
6997  125
6998  135
6999  147
7000  135
7001  178
7002  190
7003  169
7004  162
7005  156
7006  143
7007  121
7008  103
7009  117
7010  143
7011  154
7012  163
7013  192
7014  148
7015  124
7016  110
7017  115
7018  117
7019  115
7020  154
7021  197
7022  188
7023  196
7024  198
7025  184
7026  153
7027  123
7028  117
7029  145
7030  129
7031  123
7032  147
7033  165
7034  157
7035  152
7036  134
7037  138
7038  117
7039  111
7040  117
7041  144
7042  142
7043  137
7044  103
7045  79
7046  67
7047  71
7048  85
7049  111
7050  116
7051  125
7052  126
7053  131
7054  143
7055  161
7056  163
7057  179
7058  169
7059  160
7060  149
7061  107
7062  116
7063  148
7064  151
7065  160
7066  146
7067  162
7068  151
7069  113
7070  119
7071  144
7072  136
7073  120
7074  108
7075  125
7076  124
7077  131
7078  129
7079  162
7080  142
7081  108
7082  99
7083  83
7084  80
7085  86
7086  81
7087  103
7088  105
7089  121
7090  149
7091  163
7092  149
7093  124
7094  106
7095  96
7096  87
7097  95
7098  123
7099  128
7100  137
7101  171
7102  170
7103  157
7104  173
7105  169
7106  152
7107  140
7108  126
7109  129
7110  126
7111  135
7112  163
7113  193
7114  194
7115  159
7116  127
7117  107
7118  99
7119  97
7120  134
7121  177
7122  190
7123  182
7124  198
7125  201
7126  192
7127  162
7128  134
7129  126
7130  94
7131  90
7132  121
7133  148
7134  161
7135  184
7136  176
7137  142
7138  117
7139  98
7140  101
7141  135
7142  126
7143  144
7144  117
7145  100
7146  100
7147  86
7148  108
7149  105
7150  103
7151  113
7152  113
7153  119
7154  114
7155  139
7156  161
7157  174
7158  183
7159  170
7160  147
7161  110
7162  124
7163  155
7164  144
7165  129
7166  128
7167  131
7168  112
7169  101
7170  116
7171  139
7172  131
7173  122
7174  127
7175  117
7176  107
7177  117
7178  125
7179  149
7180  131
7181  113
7182  105
7183  104
7184  91
7185  79
7186  78
7187  102
7188  104
7189  117
7190  134
7191  165
7192  156
7193  149
7194  130
7195  112
7196  111
7197  112
7198  114
7199  122
7200  113
7201  131
7202  140
7203  126
7204  128
7205  140
7206  129
7207  146
7208  156
7209  154
7210  129
7211  136
7212  147
7213  171
7214  162
7215  136
7216  144
7217  145
7218  137
7219  131
7220  144
7221  191
7222  180
7223  171
7224  210
7225  205
7226  186
7227  171
7228  179
7229  183
7230  152
7231  140
7232  147
7233  162
7234  176
7235  192
7236  204
7237  180
7238  146
7239  119
7240  112
7241  132
7242  157
7243  161
7244  146
7245  139
7246  128
7247  115
7248  99
7249  121
7250  127
7251  115
7252  115
7253  96
7254  104
7255  149
7256  155
7257  158
7258  163
7259  175
7260  154
7261  119
7262  127
7263  159
7264  147
7265  120
7266  115
7267  111
7268  93
7269  78
7270  82
7271  102
7272  103
7273  89
7274  100
7275  115
7276  99
7277  91
7278  94
7279  103
7280  120
7281  89
7282  92
7283  94
7284  76
7285  78
7286  101
7287  108
7288  95
7289  75
7290  104
7291  115
7292  115
7293  140
7294  148
7295  139
7296  122
7297  140
7298  140
7299  125
7300  143
7301  122
7302  118
7303  99
7304  113
7305  134
7306  132
7307  131
7308  145
7309  147
7310  160
7311  155
7312  158
7313  159
7314  156
7315  146
7316  134
7317  157
7318  168
7319  138
7320  162
7321  195
7322  180
7323  166
7324  167
7325  187
7326  163
7327  151
7328  170
7329  169
7330  156
7331  168
7332  175
7333  181
7334  187
7335  192
7336  201
7337  164
7338  135
7339  102
7340  103
7341  136
7342  172
7343  186
7344  191
7345  156
7346  155
7347  121
7348  125
7349  133
7350  122
7351  117
7352  115
7353  92
7354  119
7355  127
7356  147
7357  140
7358  151
7359  171
7360  123
7361  99
7362  109
7363  124
7364  139
7365  127
7366  152
7367  139
7368  119
7369  100
7370  88
7371  75
7372  54
7373  57
7374  81
7375  100
7376  108
7377  112
7378  118
7379  138
7380  140
7381  98
7382  82
7383  97
7384  88
7385  84
7386  91
7387  119
7388  105
7389  88
7390  107
7391  98
7392  102
7393  97
7394  106
7395  106
7396  132
7397  162
7398  160
7399  150
7400  187
7401  178
7402  153
7403  133
7404  135
7405  133
7406  125
7407  121
7408  159
7409  167
7410  170
7411  162
7412  180
7413  180
7414  190
7415  187
7416  186
7417  189
7418  171
7419  166
7420  211
7421  222
7422  209
7423  163
7424  177
7425  188
7426  167
7427  180
7428  188
7429  187
7430  192
7431  172
7432  197
7433  200
7434  218
7435  221
7436  215
7437  195
7438  142
7439  125
7440  120
7441  129
7442  145
7443  151
7444  149
7445  160
7446  152
7447  141
7448  132
7449  118
7450  124
7451  120
7452  111
7453  89
7454  85
7455  108
7456  120
7457  109
7458  135
7459  141
7460  114
7461  82
7462  73
7463  92
7464  96
7465  103
7466  126
7467  130
7468  116
7469  81
7470  77
7471  67
7472  40
7473  14
7474  20
7475  29
7476  57
7477  74
7478  110
7479  124
7480  120
7481  105
7482  95
7483  94
7484  78
7485  61
7486  75
7487  77
7488  80
7489  93
7490  110
7491  118
7492  116
7493  106
7494  101
7495  84
7496  107
7497  142
7498  174
7499  185
7500  177
7501  185
7502  172
7503  150
7504  120
7505  122
7506  127
7507  115
7508  132
7509  136
7510  146
7511  128
7512  140
7513  160
7514  159
7515  163
7516  173
7517  179
7518  190
7519  192
7520  211
7521  227
7522  200
7523  153
7524  150
7525  143
7526  140
7527  159
7528  186
7529  196
7530  178
7531  175
7532  190
7533  182
7534  195
7535  187
7536  205
7537  197
7538  174
7539  158
7540  150
7541  146
7542  139
7543  137
7544  141
7545  125
7546  125
7547  129
7548  126
7549  142
7550  157
7551  147
7552  130
7553  93
7554  91
7555  99
7556  96
7557  109
7558  118
7559  131
7560  123
7561  96
7562  108
7563  108
7564  102
7565  114
7566  129
7567  136
7568  123
7569  109
7570  111
7571  107
7572  72
7573  38
7574  42
7575  54
7576  79
7577  69
7578  87
7579  103
7580  121
7581  126
7582  123
7583  119
7584  102
7585  85
7586  91
7587  89
7588  99
7589  89
7590  99
7591  108
7592  105
7593  116
7594  105
7595  100
7596  106
7597  113
7598  152
7599  163
7600  187
7601  180
7602  173
7603  153
7604  155
7605  143
7606  134
7607  127
7608  131
7609  148
7610  149
7611  136
7612  151
7613  155
7614  134
7615  142
7616  167
7617  178
7618  189
7619  201
7620  218
7621  233
7622  231
7623  201
7624  169
7625  161
7626  150
7627  141
7628  169
7629  185
7630  204
7631  198
7632  213
7633  213
7634  184
7635  179
7636  195
7637  197
7638  190
7639  151
7640  165
7641  149
7642  152
7643  170
7644  147
7645  106
7646  78
7647  70
7648  73
7649  81
7650  112
7651  145
7652  146
7653  129
7654  121
7655  109
7656  94
7657  82
7658  70
7659  86
7660  89
7661  88
7662  106
7663  112
7664  114
7665  114
7666  123
7667  132
7668  115
7669  109
7670  111
7671  117
7672  82
7673  63
7674  93
7675  93
7676  84
7677  90
7678  99
7679  87
7680  72
7681  99
7682  111
7683  94
7684  89
7685  96
7686  99
7687  102
7688  111
7689  112
7690  115
7691  101
7692  99
7693  96
7694  101
7695  102
7696  95
7697  100
7698  142
7699  172
7700  137
7701  151
7702  153
7703  147
7704  134
7705  132
7706  119
7707  86
7708  95
7709  121
7710  128
7711  145
7712  147
7713  158
7714  139
7715  135
7716  159
7717  152
7718  157
7719  185
7720  207
7721  229
7722  232
7723  241
7724  225
7725  208
7726  180
7727  163
7728  168
7729  167
7730  152
7731  166
7732  193
7733  216
7734  199
7735  200
7736  206
7737  213
7738  190
7739  179
7740  182
7741  178
7742  164
7743  162
7744  166
7745  144
7746  108
7747  96
7748  66
7749  72
7750  96
7751  117
7752  142
7753  159
7754  172
7755  158
7756  133
7757  108
7758  105
7759  100
7760  112
7761  109
7762  100
7763  115
7764  123
7765  120
7766  144
7767  142
7768  120
7769  87
7770  96
7771  115
7772  105
7773  80
7774  93
7775  116
7776  92
7777  99
7778  95
7779  81
7780  57
7781  65
7782  76
7783  82
7784  78
7785  85
7786  83
7787  90
7788  92
7789  132
7790  129
7791  128
7792  114
7793  93
7794  88
7795  57
7796  50
7797  71
7798  115
7799  138
7800  114
7801  127
7802  129
7803  140
7804  146
7805  161
7806  140
7807  130
7808  110
7809  109
7810  99
7811  102
7812  130
7813  152
7814  144
7815  149
7816  150
7817  142
7818  130
7819  135
7820  176
7821  203
7822  232
7823  240
7824  228
7825  222
7826  205
7827  180
7828  179
7829  171
7830  143
7831  134
7832  159
7833  191
7834  174
7835  181
7836  202
7837  193
7838  188
7839  199
7840  188
7841  169
7842  134
7843  156
7844  154
7845  139
7846  112
7847  100
7848  91
7849  80
7850  81
7851  102
7852  108
7853  133
7854  152
7855  150
7856  135
7857  118
7858  120
7859  120
7860  135
7861  134
7862  115
7863  120
7864  113
7865  113
7866  119
7867  126
7868  109
7869  105
7870  119
7871  125
7872  112
7873  112
7874  133
7875  138
7876  118
7877  123
7878  104
7879  67
7880  42
7881  43
7882  81
7883  84
7884  97
7885  100
7886  98
7887  102
7888  84
7889  106
7890  110
7891  126
7892  129
7893  117
7894  127
7895  120
7896  97
7897  98
7898  104
7899  122
7900  89
7901  88
7902  72
7903  73
7904  109
7905  133
7906  142
7907  144
7908  135
7909  142
7910  117
7911  115
7912  124
7913  117
7914  130
7915  148
7916  170
7917  180
7918  155
7919  185
7920  204
7921  217
7922  222
7923  233
7924  246
7925  240
7926  220
7927  210
7928  195
7929  213
7930  189
7931  200
7932  213
7933  207
7934  188
7935  182
7936  193
7937  204
7938  195
7939  197
7940  201
7941  184
7942  178
7943  190
7944  188
7945  184
7946  154
7947  126
7948  110
7949  74
7950  88
7951  111
7952  117
7953  155
7954  151
7955  166
7956  147
7957  136
7958  127
7959  135
7960  135
7961  142
7962  148
7963  162
7964  129
7965  102
7966  96
7967  104
7968  83
7969  75
7970  84
7971  96
7972  75
7973  91
7974  105
7975  121
7976  115
7977  100
7978  91
7979  61
7980  22
7981  31
7982  44
7983  45
7984  56
7985  69
7986  91
7987  80
7988  76
7989  85
7990  78
7991  58
7992  50
7993  78
7994  108
7995  117
7996  105
7997  107
7998  115
7999  105
8000  133
8001  115
8002  93
8003  77
8004  91
8005  118
8006  120
8007  128
8008  129
8009  149
8010  166
8011  149
8012  147
8013  146
8014  133
8015  134
8016  162
8017  189
8018  195
8019  204
8020  199
8021  210
8022  196
8023  207
8024  223
8025  218
8026  201
8027  187
8028  204
8029  209
8030  192
8031  193
8032  199
8033  188
8034  172
8035  178
8036  171
8037  160
8038  150
8039  166
8040  157
8041  150
8042  147
8043  155
8044  189
8045  191
8046  185
8047  175
8048  136
8049  92
8050  59
8051  70
8052  100
8053  127
8054  153
8055  157
8056  147
8057  143
8058  122
8059  134
8060  133
8061  135
8062  142
8063  128
8064  111
8065  108
8066  129
8067  134
8068  114
8069  89
8070  83
8071  71
8072  64
8073  78
8074  89
8075  120
8076  119
8077  124
8078  119
8079  100
8080  65
8081  57
8082  55
8083  54
8084  45
8085  68
8086  73
8087  82
8088  78
8089  73
8090  97
8091  85
8092  67
8093  82
8094  82
8095  98
8096  92
8097  135
8098  145
8099  137
8100  145
8101  148
8102  132
8103  113
8104  113
8105  109
8106  112
8107  132
8108  137
8109  138
8110  157
8111  155
8112  173
8113  163
8114  148
8115  158
8116  183
8117  212
8118  214
8119  205
8120  216
8121  209
8122  192
8123  192
8124  203
8125  211
8126  205
8127  215
8128  232
8129  225
8130  221
8131  199
8132  208
8133  210
8134  194
8135  188
8136  163
8137  153
8138  158
8139  153
8140  157
8141  148
8142  125
8143  136
8144  147
8145  154
8146  180
8147  182
8148  175
8149  136
8150  90
8151  104
8152  105
8153  110
8154  134
8155  134
8156  134
8157  117
8158  122
8159  159
8160  147
8161  147
8162  125
8163  117
8164  90
8165  73
8166  94
8167  97
8168  111
8169  104
8170  88
8171  74
8172  53
8173  54
8174  61
8175  60
8176  70
8177  83
8178  94
8179  102
8180  79
8181  79
8182  80
8183  66
8184  59
8185  73
8186  58
8187  36
8188  29
8189  64
8190  86
8191  82
8192  72
8193  87
8194  96
8195  90
8196  104
8197  125
8198  134
8199  141
8200  133
8201  141
8202  126
8203  115
8204  96
8205  113
8206  116
8207  117
8208  127
8209  142
8210  145
8211  134
8212  128
8213  151
8214  144
8215  145
8216  163
8217  196
8218  203
8219  211
8220  222
8221  192
8222  163
8223  148
8224  154
8225  152
8226  155
8227  188
8228  204
8229  207
8230  223
8231  222
8232  215
8233  176
8234  176
8235  170
8236  151
8237  139
8238  141
8239  165
8240  170
8241  163
8242  154
8243  132
8244  147
8245  154
8246  155
8247  175
8248  169
8249  157
8250  150
8251  158
8252  163
8253  145
8254  142
8255  148
8256  131
8257  115
8258  117
8259  111
8260  128
8261  149
8262  158
8263  153
8264  121
8265  98
8266  84
8267  98
8268  112
8269  115
8270  116
8271  100
8272  108
8273  88
8274  91
8275  81
8276  77
8277  65
8278  83
8279  86
8280  84
8281  86
8282  109
8283  115
8284  98
8285  72
8286  70
8287  28
8288  30
8289  67
8290  78
8291  67
8292  62
8293  82
8294  90
8295  80
8296  98
8297  114
8298  133
8299  121
8300  145
8301  155
8302  177
8303  153
8304  140
8305  135
8306  125
8307  112
8308  119
8309  126
8310  143
8311  151
8312  165
8313  170
8314  160
8315  132
8316  145
8317  184
8318  196
8319  198
8320  216
8321  202
8322  174
8323  173
8324  179
8325  168
8326  150
8327  143
8328  162
8329  180
8330  208
8331  231
8332  217
8333  207
8334  178
8335  152
8336  140
8337  118
8338  135
8339  163
8340  171
8341  145
8342  137
8343  139
8344  144
8345  119
8346  128
8347  140
8348  148
8349  136
8350  141
8351  160
8352  175
8353  155
8354  174
8355  180
8356  149
8357  110
8358  99
8359  91
8360  88
8361  109
8362  134
8363  136
8364  141
8365  116
8366  102
8367  92
8368  91
8369  97
8370  88
8371  85
8372  94
8373  93
8374  105
8375  97
8376  92
8377  84
8378  72
8379  69
8380  62
8381  81
8382  91
8383  86
8384  76
8385  81
8386  98
8387  62
8388  56
8389  67
8390  72
8391  65
8392  75
8393  86
8394  95
8395  92
8396  104
8397  108
8398  129
8399  126
8400  81
8401  121
8402  151
8403  144
8404  153
8405  135
8406  117
8407  68
8408  59
8409  87
8410  103
8411  125
8412  149
8413  146
8414  150
8415  122
8416  128
8417  132
8418  146
8419  150
8420  167
8421  171
8422  161
8423  162
8424  183
8425  179
8426  173
8427  157
8428  144
8429  131
8430  153
8431  174
8432  193
8433  200
8434  197
8435  190
8436  160
8437  161
8438  144
8439  164
8440  193
8441  174
8442  168
8443  162
8444  138
8445  141
8446  139
8447  176
8448  191
8449  162
8450  163
8451  172
8452  197
8453  208
8454  217
8455  217
8456  179
8457  143
8458  133
8459  138
8460  150
8461  152
8462  165
8463  157
8464  151
8465  123
8466  109
8467  107
8468  122
8469  110
8470  113
8471  116
8472  116
8473  113
8474  117
8475  107
8476  103
8477  81
8478  80
8479  72
8480  59
8481  66
8482  65
8483  61
8484  69
8485  86
8486  93
8487  64
8488  52
8489  67
8490  80
8491  51
8492  61
8493  72
8494  69
8495  59
8496  76
8497  85
8498  90
8499  79
8500  68
8501  101
8502  124
8503  132
8504  141
8505  146
8506  124
8507  91
8508  104
8509  116
8510  90
8511  89
8512  95
8513  126
8514  126
8515  118
8516  129
8517  131
8518  158
8519  148
8520  150
8521  158
8522  141
8523  141
8524  169
8525  196
8526  208
8527  189
8528  182
8529  156
8530  147
8531  161
8532  169
8533  162
8534  181
8535  186
8536  202
8537  174
8538  168
8539  195
8540  192
8541  162
8542  160
8543  160
8544  147
8545  117
8546  145
8547  174
8548  172
8549  156
8550  155
8551  172
8552  189
8553  187
8554  196
8555  207
8556  204
8557  165
8558  144
8559  142
8560  148
8561  155
8562  168
8563  171
8564  152
8565  133
8566  91
8567  88
8568  91
8569  97
8570  126
8571  126
8572  137
8573  134
8574  125
8575  116
8576  105
8577  100
8578  74
8579  39
8580  35
8581  39
8582  59
8583  68
8584  85
8585  98
8586  89
8587  85
8588  55
8589  45
8590  52
8591  46
8592  57
8593  74
8594  92
8595  94
8596  92
8597  104
8598  93
8599  74
8600  47
8601  64
8602  84
8603  73
8604  84
8605  105
8606  104
8607  108
8608  117
8609  123
8610  103
8611  85
8612  97
8613  101
8614  97
8615  112
8616  116
8617  134
8618  163
8619  174
8620  165
8621  161
8622  161
8623  147
8624  171
8625  200
8626  208
8627  209
8628  198
8629  182
8630  180
8631  188
8632  199
8633  193
8634  167
8635  178
8636  186
8637  184
8638  196
8639  206
8640  209
8641  182
8642  172
8643  194
8644  174
8645  145
8646  162
8647  173
8648  181
8649  162
8650  160
8651  183
8652  182
8653  191
8654  202
8655  217
8656  220
8657  184
8658  179
8659  177
8660  164
8661  133
8662  142
8663  174
8664  160
8665  143
8666  106
8667  103
8668  83
8669  90
8670  102
8671  110
8672  96
8673  99
8674  114
8675  118
8676  112
8677  114
8678  73
8679  36
8680  32
8681  34
8682  43
8683  39
8684  74
8685  90
8686  92
8687  85
8688  67
8689  71
8690  44
8691  21
8692  21
8693  46
8694  57
8695  66
8696  91
8697  105
8698  97
8699  66
8700  86
8701  94
8702  78
8703  54
8704  68
8705  90
8706  84
8707  69
8708  102
8709  124
8710  108
8711  93
8712  84
8713  90
8714  92
8715  93
8716  109
8717  137
8718  139
8719  154
8720  136
8721  147
8722  148
8723  145
8724  169
8725  194
8726  206
8727  201
8728  174
8729  179
8730  164
8731  195
8732  189
8733  170
8734  160
8735  183
8736  182
8737  171
8738  162
8739  187
8740  175
8741  148
8742  164
8743  177
8744  162
8745  149
8746  166
8747  198
8748  199
8749  176
8750  156
8751  142
8752  153
8753  162
8754  173
8755  209
8756  205
8757  198
8758  191
8759  196
8760  187
8761  156
8762  144
8763  154
8764  149
8765  129
8766  129
8767  131
8768  126
8769  123
8770  127
8771  121
8772  101
8773  109
8774  102
8775  92
8776  92
8777  99
8778  114
8779  94
8780  95
8781  91
8782  58
8783  58
8784  57
8785  74
8786  98
8787  99
8788  96
8789  87
8790  78
8791  67
8792  47
8793  63
8794  53
8795  59
8796  71
8797  108
8798  119
8799  88
8800  58
8801  73
8802  83
8803  87
8804  87
8805  91
8806  75
8807  68
8808  83
8809  104
8810  99
8811  92
8812  84
8813  95
8814  98
8815  108
8816  126
8817  151
8818  157
8819  161
8820  168
8821  161
8822  150
8823  137
8824  146
8825  190
8826  215
8827  217
8828  231
8829  210
8830  207
8831  198
8832  190
8833  176
8834  170
8835  178
8836  182
8837  169
8838  159
8839  193
8840  171
8841  163
8842  151
8843  159
8844  154
8845  136
8846  163
8847  223
8848  217
8849  203
8850  180
8851  176
8852  148
8853  138
8854  152
8855  184
8856  183
8857  183
8858  180
8859  211
8860  187
8861  172
8862  152
8863  151
8864  134
8865  106
8866  115
8867  115
8868  107
8869  119
8870  129
8871  125
8872  117
8873  111
8874  87
8875  65
8876  53
8877  64
8878  73
8879  66
8880  96
8881  126
8882  108
8883  103
8884  78
8885  89
8886  78
8887  68
8888  74
8889  77
8890  69
8891  64
8892  68
8893  80
8894  68
8895  76
8896  70
8897  98
8898  87
8899  62
8900  60
8901  85
8902  62
8903  65
8904  79
8905  74
8906  78
8907  69
8908  74
8909  91
8910  82
8911  71
8912  65
8913  86
8914  85
8915  99
8916  110
8917  132
8918  135
8919  157
8920  162
8921  155
8922  151
8923  141
8924  111
8925  123
8926  143
8927  180
8928  190
8929  204
8930  208
8931  212
8932  209
8933  154
8934  144
8935  141
8936  134
8937  142
8938  150
8939  167
8940  172
8941  172
8942  178
8943  176
8944  164
8945  141
8946  125
8947  158
8948  189
8949  189
8950  192
8951  205
8952  182
8953  160
8954  154
8955  160
8956  170
8957  176
8958  183
8959  194
8960  172
8961  161
8962  161
8963  187
8964  173
8965  159
8966  147
8967  136
8968  122
8969  132
8970  152
8971  166
8972  143
8973  139
8974  120
8975  115
8976  105
8977  92
8978  88
8979  95
8980  98
8981  123
8982  136
8983  130
8984  128
8985  132
8986  116
8987  89
8988  82
8989  83
8990  72
8991  60
8992  66
8993  87
8994  87
8995  69
8996  92
8997  93
8998  71
8999  48
9000  73
9001  82
9002  65
9003  74
9004  73
9005  75
9006  56
9007  44
9008  56
9009  77
9010  89
9011  78
9012  91
9013  103
9014  77
9015  86
9016  109
9017  123
9018  120
9019  125
9020  158
9021  160
9022  157
9023  165
9024  164
9025  168
9026  167
9027  159
9028  149
9029  160
9030  175
9031  201
9032  194
9033  165
9034  157
9035  142
9036  141
9037  137
9038  137
9039  150
9040  139
9041  152
9042  171
9043  189
9044  179
9045  145
9046  135
9047  157
9048  162
9049  151
9050  182
9051  207
9052  192
9053  167
9054  183
9055  183
9056  179
9057  176
9058  181
9059  174
9060  159
9061  142
9062  169
9063  163
9064  181
9065  187
9066  177
9067  177
9068  150
9069  134
9070  125
9071  134
9072  148
9073  163
9074  156
9075  138
9076  111
9077  104
9078  103
9079  108
9080  101
9081  122
9082  142
9083  120
9084  114
9085  125
9086  128
9087  118
9088  114
9089  119
9090  94
9091  70
9092  68
9093  85
9094  76
9095  64
9096  56
9097  58
9098  59
9099  56
9100  17
9101  37
9102  53
9103  58
9104  76
9105  71
9106  51
9107  30
9108  31
9109  51
9110  70
9111  67
9112  88
9113  100
9114  96
9115  82
9116  98
9117  94
9118  83
9119  89
9120  110
9121  122
9122  151
9123  176
9124  174
9125  166
9126  171
9127  174
9128  166
9129  155
9130  161
9131  154
9132  159
9133  173
9134  164
9135  181
9136  179
9137  173
9138  179
9139  163
9140  177
9141  172
9142  162
9143  181
9144  184
9145  175
9146  157
9147  169
9148  191
9149  185
9150  202
9151  208
9152  188
9153  178
9154  202
9155  222
9156  201
9157  191
9158  199
9159  197
9160  193
9161  185
9162  183
9163  173
9164  178
9165  183
9166  199
9167  193
9168  167
9169  143
9170  136
9171  157
9172  172
9173  179
9174  197
9175  169
9176  135
9177  103
9178  103
9179  103
9180  93
9181  111
9182  127
9183  111
9184  102
9185  106
9186  115
9187  100
9188  107
9189  102
9190  66
9191  60
9192  75
9193  92
9194  76
9195  36
9196  30
9197  34
9198  16
9199  14
9200  13
9201  16
9202  20
9203  33
9204  75
9205  92
9206  78
9207  60
9208  74
9209  88
9210  72
9211  69
9212  77
9213  86
9214  82
9215  82
9216  127
9217  113
9218  84
9219  85
9220  102
9221  125
9222  134
9223  165
9224  184
9225  162
9226  182
9227  195
9228  184
9229  168
9230  162
9231  145
9232  150
9233  153
9234  167
9235  168
9236  173
9237  170
9238  176
9239  182
9240  183
9241  165
9242  179
9243  184
9244  180
9245  162
9246  148
9247  170
9248  162
9249  167
9250  196
9251  189
9252  192
9253  176
9254  187
9255  188
9256  179
9257  186
9258  201
9259  198
9260  202
9261  189
9262  177
9263  176
9264  188
9265  199
9266  195
9267  177
9268  164
9269  136
9270  143
9271  148
9272  161
9273  170
9274  183
9275  184
9276  156
9277  126
9278  130
9279  93
9280  86
9281  79
9282  101
9283  93
9284  90
9285  106
9286  114
9287  109
9288  128
9289  119
9290  94
9291  56
9292  57
9293  62
9294  85
9295  98
9296  88
9297  69
9298  41
9299  15
9300  38
9301  16
9302  5
9303  0
9304  18
9305  47
9306  67
9307  63
9308  99
9309  103
9310  103
9311  85
9312  88
9313  92
9314  86
9315  88
9316  110
9317  103
9318  88
9319  88
9320  117
9321  112
9322  126
9323  162
9324  177
9325  189
9326  182
9327  182
9328  195
9329  185
9330  175
9331  177
9332  158
9333  162
9334  168
9335  170
9336  206
9337  178
9338  180
9339  173
9340  164
9341  163
9342  174
9343  200
9344  228
9345  204
9346  201
9347  184
9348  165
9349  163
9350  193
9351  222
9352  201
9353  188
9354  193
9355  186
9356  195
9357  191
9358  219
9359  209
9360  185
9361  186
9362  181
9363  182
9364  181
9365  193
9366  210
9367  205
9368  161
9369  137
9370  135
9371  138
9372  144
9373  151
9374  157
9375  170
9376  152
9377  161
9378  152
9379  114
9380  91
9381  77
9382  82
9383  66
9384  71
9385  80
9386  80
9387  92
9388  103
9389  117
9390  87
9391  46
9392  50
9393  34
9394  55
9395  58
9396  60
9397  64
9398  59
9399  39
9400  66
9401  58
9402  31
9403  13
9404  26
9405  33
9406  38
9407  48
9408  87
9409  104
9410  103
9411  97
9412  117
9413  103
9414  93
9415  81
9416  99
9417  117
9418  99
9419  88
9420  102
9421  94
9422  130
9423  149
9424  178
9425  169
9426  169
9427  186
9428  181
9429  186
9430  183
9431  186
9432  170
9433  156
9434  157
9435  171
9436  178
9437  175
9438  179
9439  170
9440  153
9441  129
9442  132
9443  165
9444  177
9445  203
9446  203
9447  194
9448  196
9449  181
9450  186
9451  192
9452  178
9453  171
9454  160
9455  168
9456  185
9457  192
9458  224
9459  225
9460  220
9461  207
9462  195
9463  175
9464  166
9465  185
9466  231
9467  220
9468  199
9469  164
9470  154
9471  140
9472  125
9473  133
9474  152
9475  138
9476  117
9477  111
9478  129
9479  140
9480  129
9481  128
9482  117
9483  85
9484  72
9485  73
9486  87
9487  86
9488  83
9489  95
9490  93
9491  80
9492  64
9493  64
9494  68
9495  72
9496  76
9497  71
9498  65
9499  54
9500  65
9501  61
9502  41
9503  34
9504  34
9505  58
9506  60
9507  75
9508  88
9509  94
9510  82
9511  93
9512  103
9513  98
9514  96
9515  114
9516  120
9517  134
9518  117
9519  114
9520  126
9521  136
9522  123
9523  128
9524  149
9525  130
9526  137
9527  172
9528  218
9529  214
9530  192
9531  198
9532  182
9533  154
9534  154
9535  150
9536  164
9537  152
9538  154
9539  161
9540  159
9541  143
9542  154
9543  149
9544  146
9545  168
9546  196
9547  199
9548  194
9549  198
9550  208
9551  218
9552  200
9553  174
9554  165
9555  149
9556  138
9557  161
9558  179
9559  207
9560  189
9561  196
9562  208
9563  178
9564  165
9565  171
9566  197
9567  201
9568  189
9569  177
9570  163
9571  145
9572  136
9573  147
9574  136
9575  105
9576  98
9577  86
9578  100
9579  121
9580  141
9581  151
9582  143
9583  134
9584  116
9585  94
9586  77
9587  62
9588  64
9589  84
9590  102
9591  81
9592  59
9593  74
9594  72
9595  93
9596  102
9597  101
9598  89
9599  69
9600  81
9601  81
9602  58
9603  40
9604  36
9605  31
9606  27
9607  50
9608  69
9609  77
9610  65
9611  73
9612  65
9613  67
9614  70
9615  73
9616  66
9617  89
9618  109
9619  110
9620  121
9621  132
9622  119
9623  116
9624  102
9625  89
9626  67
9627  121
9628  169
9629  183
9630  209
9631  205
9632  192
9633  168
9634  141
9635  149
9636  136
9637  129
9638  130
9639  162
9640  168
9641  160
9642  154
9643  162
9644  170
9645  185
9646  177
9647  169
9648  164
9649  188
9650  199
9651  240
9652  253
9653  227
9654  200
9655  176
9656  163
9657  149
9658  168
9659  182
9660  161
9661  185
9662  212
9663  217
9664  214
9665  222
9666  238
9667  220
9668  182
9669  184
9670  173
9671  164
9672  155
9673  168
9674  155
9675  127
9676  109
9677  124
9678  121
9679  131
9680  143
9681  153
9682  166
9683  177
9684  152
9685  125
9686  118
9687  98
9688  87
9689  104
9690  108
9691  90
9692  75
9693  67
9694  61
9695  69
9696  93
9697  97
9698  71
9699  65
9700  76
9701  89
9702  66
9703  61
9704  49
9705  52
9706  43
9707  44
9708  49
9709  35
9710  44
9711  74
9712  91
9713  95
9714  83
9715  82
9716  79
9717  68
9718  86
9719  109
9720  123
9721  143
9722  133
9723  150
9724  157
9725  128
9726  85
9727  108
9728  124
9729  139
9730  159
9731  188
9732  190
9733  168
9734  166
9735  168
9736  143
9737  145
9738  137
9739  156
9740  141
9741  140
9742  163
9743  176
9744  196
9745  193
9746  190
9747  178
9748  159
9749  183
9750  205
9751  229
9752  244
9753  234
9754  219
9755  196
9756  169
9757  156
9758  163
9759  164
9760  156
9761  154
9762  173
9763  180
9764  174
9765  197
9766  221
9767  216
9768  207
9769  200
9770  173
9771  139
9772  132
9773  151
9774  144
9775  138
9776  122
9777  135
9778  124
9779  127
9780  138
9781  142
9782  137
9783  143
9784  136
9785  145
9786  157
9787  137
9788  116
9789  130
9790  131
9791  115
9792  88
9793  87
9794  71
9795  56
9796  66
9797  61
9798  58
9799  60
9800  56
9801  64
9802  56
9803  66
9804  62
9805  78
9806  70
9807  70
9808  50
9809  44
9810  45
9811  27
9812  34
9813  51
9814  74
9815  87
9816  84
9817  78
9818  65
9819  65
9820  82
9821  85
9822  113
9823  141
9824  159
9825  150
9826  128
9827  118
9828  132
9829  111
9830  118
9831  157
9832  161
9833  160
9834  152
9835  180
9836  192
9837  177
9838  163
9839  177
9840  175
9841  184
9842  164
9843  182
9844  193
9845  201
9846  191
9847  195
9848  195
9849  184
9850  195
9851  218
9852  238
9853  255
9854  236
9855  220
9856  184
9857  178
9858  179
9859  183
9860  168
9861  185
9862  199
9863  182
9864  158
9865  172
9866  187
9867  203
9868  187
9869  206
9870  191
9871  156
9872  164
9873  171
9874  183
9875  163
9876  138
9877  137
9878  129
9879  123
9880  118
9881  132
9882  128
9883  130
9884  147
9885  152
9886  151
9887  137
9888  117
9889  133
9890  117
9891  105
9892  100
9893  92
9894  75
9895  63
9896  45
9897  53
9898  30
9899  34
9900  37
9901  32
9902  34
9903  50
9904  61
9905  64
9906  79
9907  97
9908  102
9909  91
9910  53
9911  45
9912  45
9913  35
9914  54
9915  64
9916  82
9917  76
9918  58
9919  97
9920  89
9921  90
9922  101
9923  135
9924  142
9925  142
9926  132
9927  133
9928  147
9929  134
9930  128
9931  129
9932  124
9933  123
9934  140
9935  163
9936  165
9937  163
9938  173
9939  173
9940  204
9941  194
9942  193
9943  194
9944  189
9945  190
9946  183
9947  196
9948  197
9949  176
9950  193
9951  195
9952  210
9953  230
9954  215
9955  215
9956  206
9957  189
9958  170
9959  161
9960  166
9961  177
9962  166
9963  175
9964  167
9965  181
9966  184
9967  170
9968  161
9969  165
9970  159
9971  150
9972  153
9973  180
9974  203
9975  192
9976  186
9977  178
9978  166
9979  114
9980  87
9981  105
9982  114
9983  120
9984  151
9985  177
9986  183
9987  155
9988  148
9989  152
9990  144
9991  132
9992  111
9993  92
9994  84
9995  71
9996  71
9997  75
9998  65
9999  49
