1928
0	0	60	130	136	0	21	
1	0	59.6157	126.098	136	0	21	
2	-0.7612	59.6157	126.173	136	0	21	
3	-1.4932	59.6157	126.395	136	0	21	
4	-2.1677	59.6157	126.756	136	0	21	
5	-2.759	59.6157	127.241	136	0	21	
6	-3.2442	59.6157	127.832	136	0	21	
7	-3.6048	59.6157	128.507	136	0	21	
8	-3.8268	59.6157	129.239	136	0	21	
9	-3.9018	59.6157	130	136	0	21	
10	-3.8268	59.6157	130.761	136	0	21	
11	-3.6048	59.6157	131.493	136	0	21	
12	-3.2442	59.6157	132.168	136	0	21	
13	-2.759	59.6157	132.759	136	0	21	
14	-2.1677	59.6157	133.244	136	0	21	
15	-1.4932	59.6157	133.605	136	0	21	
16	-0.7612	59.6157	133.827	136	0	21	
17	0	59.6157	133.902	136	0	21	
18	0.7612	59.6157	133.827	136	0	21	
19	1.4932	59.6157	133.605	136	0	21	
20	2.1677	59.6157	133.244	136	0	21	
21	2.759	59.6157	132.759	136	0	21	
22	3.2442	59.6157	132.168	136	0	21	
23	3.6048	59.6157	131.493	136	0	21	
24	3.8268	59.6157	130.761	136	0	21	
25	3.9018	59.6157	130	136	0	21	
26	3.8268	59.6157	129.239	136	0	21	
27	3.6048	59.6157	128.507	136	0	21	
28	3.2442	59.6157	127.832	136	0	21	
29	2.759	59.6157	127.241	136	0	21	
30	2.1677	59.6157	126.756	136	0	21	
31	1.4931	59.6157	126.395	136	0	21	
32	0.7612	59.6157	126.173	136	0	21	
33	0	58.4776	122.346	136	0	21	
34	-1.4932	58.4776	122.493	136	0	21	
35	-2.9289	58.4776	122.929	136	0	21	
36	-4.2522	58.4776	123.636	136	0	21	
37	-5.412	58.4776	124.588	136	0	21	
38	-6.3638	58.4776	125.748	136	0	21	
39	-7.0711	58.4776	127.071	136	0	21	
40	-7.5066	58.4776	128.507	136	0	21	
41	-7.6537	58.4776	130	136	0	21	
42	-7.5066	58.4776	131.493	136	0	21	
43	-7.0711	58.4776	132.929	136	0	21	
44	-6.3638	58.4776	134.252	136	0	21	
45	-5.412	58.4776	135.412	136	0	21	
46	-4.2521	58.4776	136.364	136	0	21	
47	-2.9289	58.4776	137.071	136	0	21	
48	-1.4932	58.4776	137.507	136	0	21	
49	0	58.4776	137.654	136	0	21	
50	1.4932	58.4776	137.507	136	0	21	
51	2.9289	58.4776	137.071	136	0	21	
52	4.2522	58.4776	136.364	136	0	21	
53	5.412	58.4776	135.412	136	0	21	
54	6.3638	58.4776	134.252	136	0	21	
55	7.0711	58.4776	132.929	136	0	21	
56	7.5066	58.4776	131.493	136	0	21	
57	7.6537	58.4776	130	136	0	21	
58	7.5066	58.4776	128.507	136	0	21	
59	7.0711	58.4776	127.071	136	0	21	
60	6.3638	58.4776	125.748	136	0	21	
61	5.412	58.4776	124.588	136	0	21	
62	4.2521	58.4776	123.636	136	0	21	
63	2.9289	58.4776	122.929	136	0	21	
64	1.4931	58.4776	122.493	136	0	21	
65	0	56.6294	118.889	136	0	21	
66	-2.1677	56.6294	119.102	136	0	21	
67	-4.2522	56.6294	119.734	136	0	21	
68	-6.1732	56.6294	120.761	136	0	21	
69	-7.8569	56.6294	122.143	136	0	21	
70	-9.2388	56.6294	123.827	136	0	21	
71	-10.2656	56.6294	125.748	136	0	21	
72	-10.8979	56.6294	127.832	136	0	21	
73	-11.1114	56.6294	130	136	0	21	
74	-10.8979	56.6294	132.168	136	0	21	
75	-10.2656	56.6294	134.252	136	0	21	
76	-9.2388	56.6294	136.173	136	0	21	
77	-7.8569	56.6294	137.857	136	0	21	
78	-6.1732	56.6294	139.239	136	0	21	
79	-4.2521	56.6294	140.266	136	0	21	
80	-2.1677	56.6294	140.898	136	0	21	
81	0	56.6294	141.111	136	0	21	
82	2.1677	56.6294	140.898	136	0	21	
83	4.2522	56.6294	140.266	136	0	21	
84	6.1732	56.6294	139.239	136	0	21	
85	7.857	56.6294	137.857	136	0	21	
86	9.2388	56.6294	136.173	136	0	21	
87	10.2656	56.6294	134.252	136	0	21	
88	10.8979	56.6294	132.168	136	0	21	
89	11.1114	56.6294	130	136	0	21	
90	10.8979	56.6294	127.832	136	0	21	
91	10.2656	56.6294	125.748	136	0	21	
92	9.2388	56.6294	123.827	136	0	21	
93	7.8569	56.6294	122.143	136	0	21	
94	6.1731	56.6294	120.761	136	0	21	
95	4.2521	56.6294	119.734	136	0	21	
96	2.1677	56.6294	119.102	136	0	21	
97	0	54.1421	115.858	136	0	21	
98	-2.759	54.1421	116.13	136	0	21	
99	-5.412	54.1421	116.934	136	0	21	
100	-7.8569	54.1421	118.241	136	0	21	
101	-10	54.1421	120	136	0	21	
102	-11.7588	54.1421	122.143	136	0	21	
103	-13.0656	54.1421	124.588	136	0	21	
104	-13.8704	54.1421	127.241	136	0	21	
105	-14.1421	54.1421	130	136	0	21	
106	-13.8704	54.1421	132.759	136	0	21	
107	-13.0656	54.1421	135.412	136	0	21	
108	-11.7588	54.1421	137.857	136	0	21	
109	-10	54.1421	140	136	0	21	
110	-7.8569	54.1421	141.759	136	0	21	
111	-5.412	54.1421	143.066	136	0	21	
112	-2.759	54.1421	143.87	136	0	21	
113	0	54.1421	144.142	136	0	21	
114	2.759	54.1421	143.87	136	0	21	
115	5.412	54.1421	143.066	136	0	21	
116	7.857	54.1421	141.759	136	0	21	
117	10	54.1421	140	136	0	21	
118	11.7588	54.1421	137.857	136	0	21	
119	13.0656	54.1421	135.412	136	0	21	
120	13.8704	54.1421	132.759	136	0	21	
121	14.1421	54.1421	130	136	0	21	
122	13.8704	54.1421	127.241	136	0	21	
123	13.0656	54.1421	124.588	136	0	21	
124	11.7587	54.1421	122.143	136	0	21	
125	10	54.1421	120	136	0	21	
126	7.8569	54.1421	118.241	136	0	21	
127	5.4119	54.1421	116.934	136	0	21	
128	2.759	54.1421	116.13	136	0	21	
129	0	51.1114	113.371	136	0	21	
130	-3.2442	51.1114	113.69	136	0	21	
131	-6.3638	51.1114	114.636	136	0	21	
132	-9.2388	51.1114	116.173	136	0	21	
133	-11.7588	51.1114	118.241	136	0	21	
134	-13.8268	51.1114	120.761	136	0	21	
135	-15.3636	51.1114	123.636	136	0	21	
136	-16.3099	51.1114	126.756	136	0	21	
137	-16.6294	51.1114	130	136	0	21	
138	-16.3099	51.1114	133.244	136	0	21	
139	-15.3636	51.1114	136.364	136	0	21	
140	-13.8268	51.1114	139.239	136	0	21	
141	-11.7587	51.1114	141.759	136	0	21	
142	-9.2388	51.1114	143.827	136	0	21	
143	-6.3638	51.1114	145.364	136	0	21	
144	-3.2442	51.1114	146.31	136	0	21	
145	0	51.1114	146.629	136	0	21	
146	3.2443	51.1114	146.31	136	0	21	
147	6.3638	51.1114	145.363	136	0	21	
148	9.2388	51.1114	143.827	136	0	21	
149	11.7588	51.1114	141.759	136	0	21	
150	13.8268	51.1114	139.239	136	0	21	
151	15.3636	51.1114	136.364	136	0	21	
152	16.3099	51.1114	133.244	136	0	21	
153	16.6294	51.1114	130	136	0	21	
154	16.3099	51.1114	126.756	136	0	21	
155	15.3635	51.1114	123.636	136	0	21	
156	13.8268	51.1114	120.761	136	0	21	
157	11.7587	51.1114	118.241	136	0	21	
158	9.2388	51.1114	116.173	136	0	21	
159	6.3638	51.1114	114.636	136	0	21	
160	3.2442	51.1114	113.69	136	0	21	
161	0	47.6537	111.522	136	0	21	
162	-3.6048	47.6537	111.877	136	0	21	
163	-7.0711	47.6537	112.929	136	0	21	
164	-10.2656	47.6537	114.636	136	0	21	
165	-13.0656	47.6537	116.934	136	0	21	
166	-15.3636	47.6537	119.734	136	0	21	
167	-17.0711	47.6537	122.929	136	0	21	
168	-18.1225	47.6537	126.395	136	0	21	
169	-18.4776	47.6537	130	136	0	21	
170	-18.1225	47.6537	133.605	136	0	21	
171	-17.0711	47.6537	137.071	136	0	21	
172	-15.3635	47.6537	140.266	136	0	21	
173	-13.0656	47.6537	143.066	136	0	21	
174	-10.2656	47.6537	145.364	136	0	21	
175	-7.0711	47.6537	147.071	136	0	21	
176	-3.6048	47.6537	148.123	136	0	21	
177	0	47.6537	148.478	136	0	21	
178	3.6048	47.6537	148.122	136	0	21	
179	7.0711	47.6537	147.071	136	0	21	
180	10.2656	47.6537	145.363	136	0	21	
181	13.0656	47.6537	143.066	136	0	21	
182	15.3636	47.6537	140.266	136	0	21	
183	17.0711	47.6537	137.071	136	0	21	
184	18.1226	47.6537	133.605	136	0	21	
185	18.4776	47.6537	130	136	0	21	
186	18.1225	47.6537	126.395	136	0	21	
187	17.0711	47.6537	122.929	136	0	21	
188	15.3635	47.6537	119.734	136	0	21	
189	13.0656	47.6537	116.934	136	0	21	
190	10.2656	47.6537	114.636	136	0	21	
191	7.071	47.6537	112.929	136	0	21	
192	3.6048	47.6537	111.877	136	0	21	
193	0	43.9018	110.384	136	0	21	
194	-3.8268	43.9018	110.761	136	0	21	
195	-7.5066	43.9018	111.877	136	0	21	
196	-10.8979	43.9018	113.69	136	0	21	
197	-13.8704	43.9018	116.13	136	0	21	
198	-16.3099	43.9018	119.102	136	0	21	
199	-18.1226	43.9018	122.493	136	0	21	
200	-19.2388	43.9018	126.173	136	0	21	
201	-19.6157	43.9018	130	136	0	21	
202	-19.2388	43.9018	133.827	136	0	21	
203	-18.1225	43.9018	137.507	136	0	21	
204	-16.3099	43.9018	140.898	136	0	21	
205	-13.8704	43.9018	143.87	136	0	21	
206	-10.8979	43.9018	146.31	136	0	21	
207	-7.5066	43.9018	148.123	136	0	21	
208	-3.8268	43.9018	149.239	136	0	21	
209	0	43.9018	149.616	136	0	21	
210	3.8269	43.9018	149.239	136	0	21	
211	7.5066	43.9018	148.122	136	0	21	
212	10.8979	43.9018	146.31	136	0	21	
213	13.8704	43.9018	143.87	136	0	21	
214	16.3099	43.9018	140.898	136	0	21	
215	18.1226	43.9018	137.507	136	0	21	
216	19.2388	43.9018	133.827	136	0	21	
217	19.6157	43.9018	130	136	0	21	
218	19.2388	43.9018	126.173	136	0	21	
219	18.1225	43.9018	122.493	136	0	21	
220	16.3098	43.9018	119.102	136	0	21	
221	13.8704	43.9018	116.13	136	0	21	
222	10.8979	43.9018	113.69	136	0	21	
223	7.5066	43.9018	111.877	136	0	21	
224	3.8268	43.9018	110.761	136	0	21	
225	0	40	110	136	0	21	
226	-3.9018	40	110.384	136	0	21	
227	-7.6537	40	111.522	136	0	21	
228	-11.1114	40	113.371	136	0	21	
229	-14.1421	40	115.858	136	0	21	
230	-16.6294	40	118.889	136	0	21	
231	-18.4776	40	122.346	136	0	21	
232	-19.6157	40	126.098	136	0	21	
233	-20	40	130	136	0	21	
234	-19.6157	40	133.902	136	0	21	
235	-18.4776	40	137.654	136	0	21	
236	-16.6294	40	141.111	136	0	21	
237	-14.1421	40	144.142	136	0	21	
238	-11.1114	40	146.629	136	0	21	
239	-7.6537	40	148.478	136	0	21	
240	-3.9018	40	149.616	136	0	21	
241	0	40	150	136	0	21	
242	3.9018	40	149.616	136	0	21	
243	7.6537	40	148.478	136	0	21	
244	11.1114	40	146.629	136	0	21	
245	14.1422	40	144.142	136	0	21	
246	16.6294	40	141.111	136	0	21	
247	18.4776	40	137.654	136	0	21	
248	19.6157	40	133.902	136	0	21	
249	20	40	130	136	0	21	
250	19.6157	40	126.098	136	0	21	
251	18.4776	40	122.346	136	0	21	
252	16.6294	40	118.889	136	0	21	
253	14.1421	40	115.858	136	0	21	
254	11.1114	40	113.371	136	0	21	
255	7.6536	40	111.522	136	0	21	
256	3.9018	40	110.384	136	0	21	
257	-3.8268	36.0982	110.761	136	0	21	
258	0	36.0982	110.384	136	0	21	
259	-7.5066	36.0982	111.877	136	0	21	
260	-10.8979	36.0982	113.69	136	0	21	
261	-13.8704	36.0982	116.13	136	0	21	
262	-16.3099	36.0982	119.102	136	0	21	
263	-18.1226	36.0982	122.493	136	0	21	
264	-19.2388	36.0982	126.173	136	0	21	
265	-19.6157	36.0982	130	136	0	21	
266	-19.2388	36.0982	133.827	136	0	21	
267	-18.1225	36.0982	137.507	136	0	21	
268	-16.3099	36.0982	140.898	136	0	21	
269	-13.8704	36.0982	143.87	136	0	21	
270	-10.8979	36.0982	146.31	136	0	21	
271	-7.5066	36.0982	148.123	136	0	21	
272	-3.8268	36.0982	149.239	136	0	21	
273	0	36.0982	149.616	136	0	21	
274	3.8269	36.0982	149.239	136	0	21	
275	7.5066	36.0982	148.122	136	0	21	
276	10.8979	36.0982	146.31	136	0	21	
277	13.8704	36.0982	143.87	136	0	21	
278	16.3099	36.0982	140.898	136	0	21	
279	18.1226	36.0982	137.507	136	0	21	
280	19.2388	36.0982	133.827	136	0	21	
281	19.6157	36.0982	130	136	0	21	
282	19.2388	36.0982	126.173	136	0	21	
283	18.1225	36.0982	122.493	136	0	21	
284	16.3098	36.0982	119.102	136	0	21	
285	13.8704	36.0982	116.13	136	0	21	
286	10.8979	36.0982	113.69	136	0	21	
287	7.5066	36.0982	111.877	136	0	21	
288	3.8268	36.0982	110.761	136	0	21	
289	0	32.3463	111.522	136	0	21	
290	-3.6048	32.3463	111.877	136	0	21	
291	-7.0711	32.3463	112.929	136	0	21	
292	-10.2656	32.3463	114.636	136	0	21	
293	-13.0656	32.3463	116.934	136	0	21	
294	-15.3636	32.3463	119.734	136	0	21	
295	-17.0711	32.3463	122.929	136	0	21	
296	-18.1225	32.3463	126.395	136	0	21	
297	-18.4776	32.3463	130	136	0	21	
298	-18.1225	32.3463	133.605	136	0	21	
299	-17.0711	32.3463	137.071	136	0	21	
300	-15.3635	32.3463	140.266	136	0	21	
301	-13.0656	32.3463	143.066	136	0	21	
302	-10.2656	32.3463	145.364	136	0	21	
303	-7.0711	32.3463	147.071	136	0	21	
304	-3.6048	32.3463	148.123	136	0	21	
305	0	32.3463	148.478	136	0	21	
306	3.6048	32.3463	148.122	136	0	21	
307	7.0711	32.3463	147.071	136	0	21	
308	10.2656	32.3463	145.363	136	0	21	
309	13.0656	32.3463	143.066	136	0	21	
310	15.3636	32.3463	140.266	136	0	21	
311	17.0711	32.3463	137.071	136	0	21	
312	18.1226	32.3463	133.605	136	0	21	
313	18.4776	32.3463	130	136	0	21	
314	18.1225	32.3463	126.395	136	0	21	
315	17.0711	32.3463	122.929	136	0	21	
316	15.3635	32.3463	119.734	136	0	21	
317	13.0656	32.3463	116.934	136	0	21	
318	10.2656	32.3463	114.636	136	0	21	
319	7.071	32.3463	112.929	136	0	21	
320	3.6048	32.3463	111.877	136	0	21	
321	0	28.8886	113.371	136	0	21	
322	-3.2442	28.8886	113.69	136	0	21	
323	-6.3638	28.8886	114.636	136	0	21	
324	-9.2388	28.8886	116.173	136	0	21	
325	-11.7588	28.8886	118.241	136	0	21	
326	-13.8268	28.8886	120.761	136	0	21	
327	-15.3636	28.8886	123.636	136	0	21	
328	-16.3099	28.8886	126.756	136	0	21	
329	-16.6294	28.8886	130	136	0	21	
330	-16.3099	28.8886	133.244	136	0	21	
331	-15.3636	28.8886	136.364	136	0	21	
332	-13.8268	28.8886	139.239	136	0	21	
333	-11.7587	28.8886	141.759	136	0	21	
334	-9.2388	28.8886	143.827	136	0	21	
335	-6.3638	28.8886	145.364	136	0	21	
336	-3.2442	28.8886	146.31	136	0	21	
337	0	28.8886	146.629	136	0	21	
338	3.2443	28.8886	146.31	136	0	21	
339	6.3638	28.8886	145.363	136	0	21	
340	9.2388	28.8886	143.827	136	0	21	
341	11.7588	28.8886	141.759	136	0	21	
342	13.8268	28.8886	139.239	136	0	21	
343	15.3636	28.8886	136.364	136	0	21	
344	16.3099	28.8886	133.244	136	0	21	
345	16.6294	28.8886	130	136	0	21	
346	16.3099	28.8886	126.756	136	0	21	
347	15.3635	28.8886	123.636	136	0	21	
348	13.8268	28.8886	120.761	136	0	21	
349	11.7587	28.8886	118.241	136	0	21	
350	9.2388	28.8886	116.173	136	0	21	
351	6.3638	28.8886	114.636	136	0	21	
352	3.2442	28.8886	113.69	136	0	21	
353	0	25.8579	115.858	136	0	21	
354	-2.759	25.8579	116.13	136	0	21	
355	-5.412	25.8579	116.934	136	0	21	
356	-7.8569	25.8579	118.241	136	0	21	
357	-10	25.8579	120	136	0	21	
358	-11.7588	25.8579	122.143	136	0	21	
359	-13.0656	25.8579	124.588	136	0	21	
360	-13.8704	25.8579	127.241	136	0	21	
361	-14.1421	25.8579	130	136	0	21	
362	-13.8704	25.8579	132.759	136	0	21	
363	-13.0656	25.8579	135.412	136	0	21	
364	-11.7588	25.8579	137.857	136	0	21	
365	-10	25.8579	140	136	0	21	
366	-7.8569	25.8579	141.759	136	0	21	
367	-5.412	25.8579	143.066	136	0	21	
368	-2.759	25.8579	143.87	136	0	21	
369	0	25.8579	144.142	136	0	21	
370	2.759	25.8579	143.87	136	0	21	
371	5.412	25.8579	143.066	136	0	21	
372	7.857	25.8579	141.759	136	0	21	
373	10	25.8579	140	136	0	21	
374	11.7588	25.8579	137.857	136	0	21	
375	13.0656	25.8579	135.412	136	0	21	
376	13.8704	25.8579	132.759	136	0	21	
377	14.1421	25.8579	130	136	0	21	
378	13.8704	25.8579	127.241	136	0	21	
379	13.0656	25.8579	124.588	136	0	21	
380	11.7587	25.8579	122.143	136	0	21	
381	10	25.8579	120	136	0	21	
382	7.8569	25.8579	118.241	136	0	21	
383	5.4119	25.8579	116.934	136	0	21	
384	2.759	25.8579	116.13	136	0	21	
385	0	23.3706	118.889	136	0	21	
386	-2.1677	23.3706	119.102	136	0	21	
387	-4.2521	23.3706	119.734	136	0	21	
388	-6.1732	23.3706	120.761	136	0	21	
389	-7.8569	23.3706	122.143	136	0	21	
390	-9.2388	23.3706	123.827	136	0	21	
391	-10.2656	23.3706	125.748	136	0	21	
392	-10.8979	23.3706	127.832	136	0	21	
393	-11.1114	23.3706	130	136	0	21	
394	-10.8979	23.3706	132.168	136	0	21	
395	-10.2656	23.3706	134.252	136	0	21	
396	-9.2388	23.3706	136.173	136	0	21	
397	-7.8569	23.3706	137.857	136	0	21	
398	-6.1732	23.3706	139.239	136	0	21	
399	-4.2521	23.3706	140.266	136	0	21	
400	-2.1677	23.3706	140.898	136	0	21	
401	0	23.3706	141.111	136	0	21	
402	2.1677	23.3706	140.898	136	0	21	
403	4.2522	23.3706	140.266	136	0	21	
404	6.1732	23.3706	139.239	136	0	21	
405	7.857	23.3706	137.857	136	0	21	
406	9.2388	23.3706	136.173	136	0	21	
407	10.2656	23.3706	134.252	136	0	21	
408	10.8979	23.3706	132.168	136	0	21	
409	11.1114	23.3706	130	136	0	21	
410	10.8979	23.3706	127.832	136	0	21	
411	10.2656	23.3706	125.748	136	0	21	
412	9.2388	23.3706	123.827	136	0	21	
413	7.8569	23.3706	122.143	136	0	21	
414	6.1731	23.3706	120.761	136	0	21	
415	4.2521	23.3706	119.734	136	0	21	
416	2.1677	23.3706	119.102	136	0	21	
417	0	21.5224	122.346	136	0	21	
418	-1.4932	21.5224	122.493	136	0	21	
419	-2.9289	21.5224	122.929	136	0	21	
420	-4.2521	21.5224	123.636	136	0	21	
421	-5.412	21.5224	124.588	136	0	21	
422	-6.3638	21.5224	125.748	136	0	21	
423	-7.0711	21.5224	127.071	136	0	21	
424	-7.5066	21.5224	128.507	136	0	21	
425	-7.6537	21.5224	130	136	0	21	
426	-7.5066	21.5224	131.493	136	0	21	
427	-7.0711	21.5224	132.929	136	0	21	
428	-6.3638	21.5224	134.252	136	0	21	
429	-5.412	21.5224	135.412	136	0	21	
430	-4.2521	21.5224	136.364	136	0	21	
431	-2.9289	21.5224	137.071	136	0	21	
432	-1.4931	21.5224	137.507	136	0	21	
433	0	21.5224	137.654	136	0	21	
434	1.4932	21.5224	137.507	136	0	21	
435	2.9289	21.5224	137.071	136	0	21	
436	4.2522	21.5224	136.364	136	0	21	
437	5.412	21.5224	135.412	136	0	21	
438	6.3638	21.5224	134.252	136	0	21	
439	7.0711	21.5224	132.929	136	0	21	
440	7.5066	21.5224	131.493	136	0	21	
441	7.6537	21.5224	130	136	0	21	
442	7.5066	21.5224	128.507	136	0	21	
443	7.0711	21.5224	127.071	136	0	21	
444	6.3638	21.5224	125.748	136	0	21	
445	5.4119	21.5224	124.588	136	0	21	
446	4.2521	21.5224	123.636	136	0	21	
447	2.9289	21.5224	122.929	136	0	21	
448	1.4931	21.5224	122.493	136	0	21	
449	0	20.3843	126.098	136	0	21	
450	-0.7612	20.3843	126.173	136	0	21	
451	-1.4932	20.3843	126.395	136	0	21	
452	-2.1677	20.3843	126.756	136	0	21	
453	-2.759	20.3843	127.241	136	0	21	
454	-3.2442	20.3843	127.832	136	0	21	
455	-3.6048	20.3843	128.507	136	0	21	
456	-3.8268	20.3843	129.239	136	0	21	
457	-3.9018	20.3843	130	136	0	21	
458	-3.8268	20.3843	130.761	136	0	21	
459	-3.6048	20.3843	131.493	136	0	21	
460	-3.2442	20.3843	132.168	136	0	21	
461	-2.759	20.3843	132.759	136	0	21	
462	-2.1677	20.3843	133.244	136	0	21	
463	-1.4932	20.3843	133.605	136	0	21	
464	-0.7612	20.3843	133.827	136	0	21	
465	0	20.3843	133.902	136	0	21	
466	0.7612	20.3843	133.827	136	0	21	
467	1.4932	20.3843	133.605	136	0	21	
468	2.1677	20.3843	133.244	136	0	21	
469	2.759	20.3843	132.759	136	0	21	
470	3.2442	20.3843	132.168	136	0	21	
471	3.6048	20.3843	131.493	136	0	21	
472	3.8268	20.3843	130.761	136	0	21	
473	3.9018	20.3843	130	136	0	21	
474	3.8268	20.3843	129.239	136	0	21	
475	3.6048	20.3843	128.507	136	0	21	
476	3.2442	20.3843	127.832	136	0	21	
477	2.759	20.3843	127.241	136	0	21	
478	2.1677	20.3843	126.756	136	0	21	
479	1.4931	20.3843	126.395	136	0	21	
480	0.7612	20.3843	126.173	136	0	21	
481	0	20	130	136	0	21	
482	40	-20	90	62	71	203	
483	40	-20.3843	86.0982	62	71	203	
484	39.2388	-20.3843	86.1732	62	71	203	
485	38.5068	-20.3843	86.3952	62	71	203	
486	37.8323	-20.3843	86.7558	62	71	203	
487	37.241	-20.3843	87.241	62	71	203	
488	36.7558	-20.3843	87.8323	62	71	203	
489	36.3952	-20.3843	88.5068	62	71	203	
490	36.1732	-20.3843	89.2388	62	71	203	
491	36.0982	-20.3843	90	62	71	203	
492	36.1732	-20.3843	90.7612	62	71	203	
493	36.3952	-20.3843	91.4932	62	71	203	
494	36.7558	-20.3843	92.1677	62	71	203	
495	37.241	-20.3843	92.759	62	71	203	
496	37.8323	-20.3843	93.2442	62	71	203	
497	38.5068	-20.3843	93.6048	62	71	203	
498	39.2388	-20.3843	93.8268	62	71	203	
499	40	-20.3843	93.9018	62	71	203	
500	40.7612	-20.3843	93.8268	62	71	203	
501	41.4932	-20.3843	93.6048	62	71	203	
502	42.1677	-20.3843	93.2442	62	71	203	
503	42.759	-20.3843	92.759	62	71	203	
504	43.2442	-20.3843	92.1677	62	71	203	
505	43.6048	-20.3843	91.4932	62	71	203	
506	43.8268	-20.3843	90.7612	62	71	203	
507	43.9018	-20.3843	90	62	71	203	
508	43.8268	-20.3843	89.2388	62	71	203	
509	43.6048	-20.3843	88.5068	62	71	203	
510	43.2442	-20.3843	87.8323	62	71	203	
511	42.759	-20.3843	87.241	62	71	203	
512	42.1677	-20.3843	86.7558	62	71	203	
513	41.4931	-20.3843	86.3952	62	71	203	
514	40.7612	-20.3843	86.1732	62	71	203	
515	40	-21.5224	82.3463	62	71	203	
516	38.5068	-21.5224	82.4934	62	71	203	
517	37.0711	-21.5224	82.9289	62	71	203	
518	35.7478	-21.5224	83.6362	62	71	203	
519	34.588	-21.5224	84.588	62	71	203	
520	33.6362	-21.5224	85.7478	62	71	203	
521	32.9289	-21.5224	87.0711	62	71	203	
522	32.4934	-21.5224	88.5068	62	71	203	
523	32.3463	-21.5224	90	62	71	203	
524	32.4934	-21.5224	91.4932	62	71	203	
525	32.9289	-21.5224	92.9289	62	71	203	
526	33.6362	-21.5224	94.2522	62	71	203	
527	34.588	-21.5224	95.412	62	71	203	
528	35.7479	-21.5224	96.3638	62	71	203	
529	37.0711	-21.5224	97.0711	62	71	203	
530	38.5069	-21.5224	97.5066	62	71	203	
531	40	-21.5224	97.6537	62	71	203	
532	41.4932	-21.5224	97.5066	62	71	203	
533	42.9289	-21.5224	97.0711	62	71	203	
534	44.2522	-21.5224	96.3638	62	71	203	
535	45.412	-21.5224	95.412	62	71	203	
536	46.3638	-21.5224	94.2521	62	71	203	
537	47.0711	-21.5224	92.9289	62	71	203	
538	47.5066	-21.5224	91.4931	62	71	203	
539	47.6537	-21.5224	90	62	71	203	
540	47.5066	-21.5224	88.5068	62	71	203	
541	47.0711	-21.5224	87.0711	62	71	203	
542	46.3638	-21.5224	85.7478	62	71	203	
543	45.4119	-21.5224	84.588	62	71	203	
544	44.2521	-21.5224	83.6362	62	71	203	
545	42.9289	-21.5224	82.9289	62	71	203	
546	41.4931	-21.5224	82.4934	62	71	203	
547	40	-23.3706	78.8886	62	71	203	
548	37.8323	-23.3706	79.1021	62	71	203	
549	35.7478	-23.3706	79.7344	62	71	203	
550	33.8268	-23.3706	80.7612	62	71	203	
551	32.1431	-23.3706	82.1431	62	71	203	
552	30.7612	-23.3706	83.8268	62	71	203	
553	29.7344	-23.3706	85.7479	62	71	203	
554	29.1021	-23.3706	87.8323	62	71	203	
555	28.8886	-23.3706	90	62	71	203	
556	29.1021	-23.3706	92.1677	62	71	203	
557	29.7344	-23.3706	94.2522	62	71	203	
558	30.7612	-23.3706	96.1732	62	71	203	
559	32.1431	-23.3706	97.857	62	71	203	
560	33.8268	-23.3706	99.2388	62	71	203	
561	35.7479	-23.3706	100.266	62	71	203	
562	37.8323	-23.3706	100.898	62	71	203	
563	40	-23.3706	101.111	62	71	203	
564	42.1677	-23.3706	100.898	62	71	203	
565	44.2522	-23.3706	100.266	62	71	203	
566	46.1732	-23.3706	99.2388	62	71	203	
567	47.857	-23.3706	97.8569	62	71	203	
568	49.2388	-23.3706	96.1732	62	71	203	
569	50.2656	-23.3706	94.2521	62	71	203	
570	50.8979	-23.3706	92.1677	62	71	203	
571	51.1114	-23.3706	90	62	71	203	
572	50.8979	-23.3706	87.8323	62	71	203	
573	50.2656	-23.3706	85.7478	62	71	203	
574	49.2388	-23.3706	83.8268	62	71	203	
575	47.8569	-23.3706	82.143	62	71	203	
576	46.1731	-23.3706	80.7612	62	71	203	
577	44.2521	-23.3706	79.7344	62	71	203	
578	42.1677	-23.3706	79.1021	62	71	203	
579	40	-25.8579	75.8579	62	71	203	
580	37.241	-25.8579	76.1296	62	71	203	
581	34.588	-25.8579	76.9344	62	71	203	
582	32.1431	-25.8579	78.2412	62	71	203	
583	30	-25.8579	80	62	71	203	
584	28.2412	-25.8579	82.1431	62	71	203	
585	26.9344	-25.8579	84.588	62	71	203	
586	26.1296	-25.8579	87.241	62	71	203	
587	25.8579	-25.8579	90	62	71	203	
588	26.1296	-25.8579	92.759	62	71	203	
589	26.9344	-25.8579	95.412	62	71	203	
590	28.2412	-25.8579	97.857	62	71	203	
591	30	-25.8579	100	62	71	203	
592	32.1431	-25.8579	101.759	62	71	203	
593	34.5881	-25.8579	103.066	62	71	203	
594	37.241	-25.8579	103.87	62	71	203	
595	40	-25.8579	104.142	62	71	203	
596	42.759	-25.8579	103.87	62	71	203	
597	45.412	-25.8579	103.066	62	71	203	
598	47.857	-25.8579	101.759	62	71	203	
599	50	-25.8579	100	62	71	203	
600	51.7588	-25.8579	97.8569	62	71	203	
601	53.0656	-25.8579	95.4119	62	71	203	
602	53.8704	-25.8579	92.759	62	71	203	
603	54.1421	-25.8579	90	62	71	203	
604	53.8704	-25.8579	87.241	62	71	203	
605	53.0656	-25.8579	84.588	62	71	203	
606	51.7587	-25.8579	82.143	62	71	203	
607	50	-25.8579	80	62	71	203	
608	47.8569	-25.8579	78.2412	62	71	203	
609	45.4119	-25.8579	76.9344	62	71	203	
610	42.759	-25.8579	76.1296	62	71	203	
611	40	-28.8886	73.3706	62	71	203	
612	36.7558	-28.8886	73.6901	62	71	203	
613	33.6362	-28.8886	74.6364	62	71	203	
614	30.7612	-28.8886	76.1732	62	71	203	
615	28.2412	-28.8886	78.2412	62	71	203	
616	26.1732	-28.8886	80.7612	62	71	203	
617	24.6364	-28.8886	83.6362	62	71	203	
618	23.6901	-28.8886	86.7558	62	71	203	
619	23.3706	-28.8886	90	62	71	203	
620	23.6901	-28.8886	93.2442	62	71	203	
621	24.6364	-28.8886	96.3638	62	71	203	
622	26.1732	-28.8886	99.2388	62	71	203	
623	28.2413	-28.8886	101.759	62	71	203	
624	30.7612	-28.8886	103.827	62	71	203	
625	33.6362	-28.8886	105.364	62	71	203	
626	36.7558	-28.8886	106.31	62	71	203	
627	40	-28.8886	106.629	62	71	203	
628	43.2443	-28.8886	106.31	62	71	203	
629	46.3638	-28.8886	105.364	62	71	203	
630	49.2388	-28.8886	103.827	62	71	203	
631	51.7588	-28.8886	101.759	62	71	203	
632	53.8268	-28.8886	99.2388	62	71	203	
633	55.3636	-28.8886	96.3638	62	71	203	
634	56.3099	-28.8886	93.2442	62	71	203	
635	56.6294	-28.8886	90	62	71	203	
636	56.3099	-28.8886	86.7557	62	71	203	
637	55.3635	-28.8886	83.6362	62	71	203	
638	53.8268	-28.8886	80.7612	62	71	203	
639	51.7587	-28.8886	78.2412	62	71	203	
640	49.2388	-28.8886	76.1731	62	71	203	
641	46.3638	-28.8886	74.6364	62	71	203	
642	43.2442	-28.8886	73.6901	62	71	203	
643	40	-32.3463	71.5224	62	71	203	
644	36.3952	-32.3463	71.8775	62	71	203	
645	32.9289	-32.3463	72.9289	62	71	203	
646	29.7344	-32.3463	74.6364	62	71	203	
647	26.9344	-32.3463	76.9344	62	71	203	
648	24.6364	-32.3463	79.7344	62	71	203	
649	22.9289	-32.3463	82.9289	62	71	203	
650	21.8775	-32.3463	86.3952	62	71	203	
651	21.5224	-32.3463	90	62	71	203	
652	21.8775	-32.3463	93.6048	62	71	203	
653	22.9289	-32.3463	97.0711	62	71	203	
654	24.6365	-32.3463	100.266	62	71	203	
655	26.9344	-32.3463	103.066	62	71	203	
656	29.7344	-32.3463	105.364	62	71	203	
657	32.9289	-32.3463	107.071	62	71	203	
658	36.3952	-32.3463	108.123	62	71	203	
659	40	-32.3463	108.478	62	71	203	
660	43.6048	-32.3463	108.122	62	71	203	
661	47.0711	-32.3463	107.071	62	71	203	
662	50.2656	-32.3463	105.364	62	71	203	
663	53.0656	-32.3463	103.066	62	71	203	
664	55.3636	-32.3463	100.266	62	71	203	
665	57.0711	-32.3463	97.071	62	71	203	
666	58.1226	-32.3463	93.6048	62	71	203	
667	58.4776	-32.3463	90	62	71	203	
668	58.1225	-32.3463	86.3952	62	71	203	
669	57.0711	-32.3463	82.9289	62	71	203	
670	55.3635	-32.3463	79.7344	62	71	203	
671	53.0656	-32.3463	76.9343	62	71	203	
672	50.2656	-32.3463	74.6364	62	71	203	
673	47.071	-32.3463	72.9289	62	71	203	
674	43.6048	-32.3463	71.8774	62	71	203	
675	40	-36.0982	70.3843	62	71	203	
676	36.1732	-36.0982	70.7612	62	71	203	
677	32.4934	-36.0982	71.8775	62	71	203	
678	29.1021	-36.0982	73.6901	62	71	203	
679	26.1296	-36.0982	76.1296	62	71	203	
680	23.6901	-36.0982	79.1021	62	71	203	
681	21.8774	-36.0982	82.4934	62	71	203	
682	20.7612	-36.0982	86.1732	62	71	203	
683	20.3843	-36.0982	90	62	71	203	
684	20.7612	-36.0982	93.8268	62	71	203	
685	21.8775	-36.0982	97.5066	62	71	203	
686	23.6901	-36.0982	100.898	62	71	203	
687	26.1296	-36.0982	103.87	62	71	203	
688	29.1021	-36.0982	106.31	62	71	203	
689	32.4934	-36.0982	108.123	62	71	203	
690	36.1732	-36.0982	109.239	62	71	203	
691	40	-36.0982	109.616	62	71	203	
692	43.8269	-36.0982	109.239	62	71	203	
693	47.5066	-36.0982	108.122	62	71	203	
694	50.8979	-36.0982	106.31	62	71	203	
695	53.8704	-36.0982	103.87	62	71	203	
696	56.3099	-36.0982	100.898	62	71	203	
697	58.1226	-36.0982	97.5066	62	71	203	
698	59.2388	-36.0982	93.8268	62	71	203	
699	59.6157	-36.0982	90	62	71	203	
700	59.2388	-36.0982	86.1731	62	71	203	
701	58.1225	-36.0982	82.4934	62	71	203	
702	56.3098	-36.0982	79.1021	62	71	203	
703	53.8704	-36.0982	76.1296	62	71	203	
704	50.8979	-36.0982	73.6901	62	71	203	
705	47.5066	-36.0982	71.8774	62	71	203	
706	43.8268	-36.0982	70.7612	62	71	203	
707	40	-40	70	62	71	203	
708	36.0982	-40	70.3843	62	71	203	
709	32.3463	-40	71.5224	62	71	203	
710	28.8886	-40	73.3706	62	71	203	
711	25.8579	-40	75.8579	62	71	203	
712	23.3706	-40	78.8886	62	71	203	
713	21.5224	-40	82.3463	62	71	203	
714	20.3843	-40	86.0982	62	71	203	
715	20	-40	90	62	71	203	
716	20.3843	-40	93.9018	62	71	203	
717	21.5224	-40	97.6537	62	71	203	
718	23.3706	-40	101.111	62	71	203	
719	25.8579	-40	104.142	62	71	203	
720	28.8886	-40	106.629	62	71	203	
721	32.3463	-40	108.478	62	71	203	
722	36.0982	-40	109.616	62	71	203	
723	40	-40	110	62	71	203	
724	43.9018	-40	109.616	62	71	203	
725	47.6537	-40	108.478	62	71	203	
726	51.1114	-40	106.629	62	71	203	
727	54.1422	-40	104.142	62	71	203	
728	56.6294	-40	101.111	62	71	203	
729	58.4776	-40	97.6536	62	71	203	
730	59.6157	-40	93.9018	62	71	203	
731	60	-40	90	62	71	203	
732	59.6157	-40	86.0982	62	71	203	
733	58.4776	-40	82.3463	62	71	203	
734	56.6294	-40	78.8886	62	71	203	
735	54.1421	-40	75.8578	62	71	203	
736	51.1114	-40	73.3706	62	71	203	
737	47.6536	-40	71.5224	62	71	203	
738	43.9018	-40	70.3843	62	71	203	
739	40	-43.9018	70.3843	62	71	203	
740	36.1732	-43.9018	70.7612	62	71	203	
741	32.4934	-43.9018	71.8775	62	71	203	
742	29.1021	-43.9018	73.6901	62	71	203	
743	26.1296	-43.9018	76.1296	62	71	203	
744	23.6901	-43.9018	79.1021	62	71	203	
745	21.8774	-43.9018	82.4934	62	71	203	
746	20.7612	-43.9018	86.1732	62	71	203	
747	20.3843	-43.9018	90	62	71	203	
748	20.7612	-43.9018	93.8268	62	71	203	
749	21.8775	-43.9018	97.5066	62	71	203	
750	23.6901	-43.9018	100.898	62	71	203	
751	26.1296	-43.9018	103.87	62	71	203	
752	29.1021	-43.9018	106.31	62	71	203	
753	32.4934	-43.9018	108.123	62	71	203	
754	36.1732	-43.9018	109.239	62	71	203	
755	40	-43.9018	109.616	62	71	203	
756	43.8269	-43.9018	109.239	62	71	203	
757	47.5066	-43.9018	108.122	62	71	203	
758	50.8979	-43.9018	106.31	62	71	203	
759	53.8704	-43.9018	103.87	62	71	203	
760	56.3099	-43.9018	100.898	62	71	203	
761	58.1226	-43.9018	97.5066	62	71	203	
762	59.2388	-43.9018	93.8268	62	71	203	
763	59.6157	-43.9018	90	62	71	203	
764	59.2388	-43.9018	86.1731	62	71	203	
765	58.1225	-43.9018	82.4934	62	71	203	
766	56.3098	-43.9018	79.1021	62	71	203	
767	53.8704	-43.9018	76.1296	62	71	203	
768	50.8979	-43.9018	73.6901	62	71	203	
769	47.5066	-43.9018	71.8774	62	71	203	
770	43.8268	-43.9018	70.7612	62	71	203	
771	40	-47.6537	71.5224	62	71	203	
772	36.3952	-47.6537	71.8775	62	71	203	
773	32.9289	-47.6537	72.9289	62	71	203	
774	29.7344	-47.6537	74.6364	62	71	203	
775	26.9344	-47.6537	76.9344	62	71	203	
776	24.6364	-47.6537	79.7344	62	71	203	
777	22.9289	-47.6537	82.9289	62	71	203	
778	21.8775	-47.6537	86.3952	62	71	203	
779	21.5224	-47.6537	90	62	71	203	
780	21.8775	-47.6537	93.6048	62	71	203	
781	22.9289	-47.6537	97.0711	62	71	203	
782	24.6365	-47.6537	100.266	62	71	203	
783	26.9344	-47.6537	103.066	62	71	203	
784	29.7344	-47.6537	105.364	62	71	203	
785	32.9289	-47.6537	107.071	62	71	203	
786	36.3952	-47.6537	108.123	62	71	203	
787	40	-47.6537	108.478	62	71	203	
788	43.6048	-47.6537	108.122	62	71	203	
789	47.0711	-47.6537	107.071	62	71	203	
790	50.2656	-47.6537	105.364	62	71	203	
791	53.0656	-47.6537	103.066	62	71	203	
792	55.3636	-47.6537	100.266	62	71	203	
793	57.0711	-47.6537	97.071	62	71	203	
794	58.1226	-47.6537	93.6048	62	71	203	
795	58.4776	-47.6537	90	62	71	203	
796	58.1225	-47.6537	86.3952	62	71	203	
797	57.0711	-47.6537	82.9289	62	71	203	
798	55.3635	-47.6537	79.7344	62	71	203	
799	53.0656	-47.6537	76.9343	62	71	203	
800	50.2656	-47.6537	74.6364	62	71	203	
801	47.071	-47.6537	72.9289	62	71	203	
802	43.6048	-47.6537	71.8774	62	71	203	
803	40	-51.1114	73.3706	62	71	203	
804	36.7558	-51.1114	73.6901	62	71	203	
805	33.6362	-51.1114	74.6364	62	71	203	
806	30.7612	-51.1114	76.1732	62	71	203	
807	28.2412	-51.1114	78.2412	62	71	203	
808	26.1732	-51.1114	80.7612	62	71	203	
809	24.6364	-51.1114	83.6362	62	71	203	
810	23.6901	-51.1114	86.7558	62	71	203	
811	23.3706	-51.1114	90	62	71	203	
812	23.6901	-51.1114	93.2442	62	71	203	
813	24.6364	-51.1114	96.3638	62	71	203	
814	26.1732	-51.1114	99.2388	62	71	203	
815	28.2413	-51.1114	101.759	62	71	203	
816	30.7612	-51.1114	103.827	62	71	203	
817	33.6362	-51.1114	105.364	62	71	203	
818	36.7558	-51.1114	106.31	62	71	203	
819	40	-51.1114	106.629	62	71	203	
820	43.2443	-51.1114	106.31	62	71	203	
821	46.3638	-51.1114	105.364	62	71	203	
822	49.2388	-51.1114	103.827	62	71	203	
823	51.7588	-51.1114	101.759	62	71	203	
824	53.8268	-51.1114	99.2388	62	71	203	
825	55.3636	-51.1114	96.3638	62	71	203	
826	56.3099	-51.1114	93.2442	62	71	203	
827	56.6294	-51.1114	90	62	71	203	
828	56.3099	-51.1114	86.7557	62	71	203	
829	55.3635	-51.1114	83.6362	62	71	203	
830	53.8268	-51.1114	80.7612	62	71	203	
831	51.7587	-51.1114	78.2412	62	71	203	
832	49.2388	-51.1114	76.1731	62	71	203	
833	46.3638	-51.1114	74.6364	62	71	203	
834	43.2442	-51.1114	73.6901	62	71	203	
835	40	-54.1421	75.8579	62	71	203	
836	37.241	-54.1421	76.1296	62	71	203	
837	34.588	-54.1421	76.9344	62	71	203	
838	32.1431	-54.1421	78.2412	62	71	203	
839	30	-54.1421	80	62	71	203	
840	28.2412	-54.1421	82.1431	62	71	203	
841	26.9344	-54.1421	84.588	62	71	203	
842	26.1296	-54.1421	87.241	62	71	203	
843	25.8579	-54.1421	90	62	71	203	
844	26.1296	-54.1421	92.759	62	71	203	
845	26.9344	-54.1421	95.412	62	71	203	
846	28.2412	-54.1421	97.857	62	71	203	
847	30	-54.1421	100	62	71	203	
848	32.1431	-54.1421	101.759	62	71	203	
849	34.5881	-54.1421	103.066	62	71	203	
850	37.241	-54.1421	103.87	62	71	203	
851	40	-54.1421	104.142	62	71	203	
852	42.759	-54.1421	103.87	62	71	203	
853	45.412	-54.1421	103.066	62	71	203	
854	47.857	-54.1421	101.759	62	71	203	
855	50	-54.1421	100	62	71	203	
856	51.7588	-54.1421	97.8569	62	71	203	
857	53.0656	-54.1421	95.4119	62	71	203	
858	53.8704	-54.1421	92.759	62	71	203	
859	54.1421	-54.1421	90	62	71	203	
860	53.8704	-54.1421	87.241	62	71	203	
861	53.0656	-54.1421	84.588	62	71	203	
862	51.7587	-54.1421	82.143	62	71	203	
863	50	-54.1421	80	62	71	203	
864	47.8569	-54.1421	78.2412	62	71	203	
865	45.4119	-54.1421	76.9344	62	71	203	
866	42.759	-54.1421	76.1296	62	71	203	
867	40	-56.6294	78.8886	62	71	203	
868	37.8323	-56.6294	79.1021	62	71	203	
869	35.7478	-56.6294	79.7344	62	71	203	
870	33.8268	-56.6294	80.7612	62	71	203	
871	32.1431	-56.6294	82.1431	62	71	203	
872	30.7612	-56.6294	83.8268	62	71	203	
873	29.7344	-56.6294	85.7479	62	71	203	
874	29.1021	-56.6294	87.8323	62	71	203	
875	28.8886	-56.6294	90	62	71	203	
876	29.1021	-56.6294	92.1677	62	71	203	
877	29.7344	-56.6294	94.2522	62	71	203	
878	30.7612	-56.6294	96.1732	62	71	203	
879	32.1431	-56.6294	97.857	62	71	203	
880	33.8268	-56.6294	99.2388	62	71	203	
881	35.7479	-56.6294	100.266	62	71	203	
882	37.8323	-56.6294	100.898	62	71	203	
883	40	-56.6294	101.111	62	71	203	
884	42.1677	-56.6294	100.898	62	71	203	
885	44.2522	-56.6294	100.266	62	71	203	
886	46.1732	-56.6294	99.2388	62	71	203	
887	47.857	-56.6294	97.8569	62	71	203	
888	49.2388	-56.6294	96.1732	62	71	203	
889	50.2656	-56.6294	94.2521	62	71	203	
890	50.8979	-56.6294	92.1677	62	71	203	
891	51.1114	-56.6294	90	62	71	203	
892	50.8979	-56.6294	87.8323	62	71	203	
893	50.2656	-56.6294	85.7478	62	71	203	
894	49.2388	-56.6294	83.8268	62	71	203	
895	47.8569	-56.6294	82.143	62	71	203	
896	46.1731	-56.6294	80.7612	62	71	203	
897	44.2521	-56.6294	79.7344	62	71	203	
898	42.1677	-56.6294	79.1021	62	71	203	
899	40	-58.4776	82.3463	62	71	203	
900	38.5068	-58.4776	82.4934	62	71	203	
901	37.0711	-58.4776	82.9289	62	71	203	
902	35.7479	-58.4776	83.6362	62	71	203	
903	34.588	-58.4776	84.588	62	71	203	
904	33.6362	-58.4776	85.7479	62	71	203	
905	32.9289	-58.4776	87.0711	62	71	203	
906	32.4934	-58.4776	88.5068	62	71	203	
907	32.3463	-58.4776	90	62	71	203	
908	32.4934	-58.4776	91.4932	62	71	203	
909	32.9289	-58.4776	92.9289	62	71	203	
910	33.6362	-58.4776	94.2522	62	71	203	
911	34.588	-58.4776	95.412	62	71	203	
912	35.7479	-58.4776	96.3638	62	71	203	
913	37.0711	-58.4776	97.0711	62	71	203	
914	38.5069	-58.4776	97.5066	62	71	203	
915	40	-58.4776	97.6537	62	71	203	
916	41.4932	-58.4776	97.5066	62	71	203	
917	42.9289	-58.4776	97.0711	62	71	203	
918	44.2522	-58.4776	96.3638	62	71	203	
919	45.412	-58.4776	95.412	62	71	203	
920	46.3638	-58.4776	94.2521	62	71	203	
921	47.0711	-58.4776	92.9289	62	71	203	
922	47.5066	-58.4776	91.4931	62	71	203	
923	47.6537	-58.4776	90	62	71	203	
924	47.5066	-58.4776	88.5068	62	71	203	
925	47.0711	-58.4776	87.0711	62	71	203	
926	46.3638	-58.4776	85.7478	62	71	203	
927	45.4119	-58.4776	84.588	62	71	203	
928	44.2521	-58.4776	83.6362	62	71	203	
929	42.9289	-58.4776	82.9289	62	71	203	
930	41.4931	-58.4776	82.4934	62	71	203	
931	40	-59.6157	86.0982	62	71	203	
932	39.2388	-59.6157	86.1732	62	71	203	
933	38.5068	-59.6157	86.3952	62	71	203	
934	37.8323	-59.6157	86.7558	62	71	203	
935	37.241	-59.6157	87.241	62	71	203	
936	36.7558	-59.6157	87.8323	62	71	203	
937	36.3952	-59.6157	88.5068	62	71	203	
938	36.1732	-59.6157	89.2388	62	71	203	
939	36.0982	-59.6157	90	62	71	203	
940	36.1732	-59.6157	90.7612	62	71	203	
941	36.3952	-59.6157	91.4932	62	71	203	
942	36.7558	-59.6157	92.1677	62	71	203	
943	37.241	-59.6157	92.759	62	71	203	
944	37.8323	-59.6157	93.2442	62	71	203	
945	38.5068	-59.6157	93.6048	62	71	203	
946	39.2388	-59.6157	93.8268	62	71	203	
947	40	-59.6157	93.9018	62	71	203	
948	40.7612	-59.6157	93.8268	62	71	203	
949	41.4932	-59.6157	93.6048	62	71	203	
950	42.1677	-59.6157	93.2442	62	71	203	
951	42.759	-59.6157	92.759	62	71	203	
952	43.2442	-59.6157	92.1677	62	71	203	
953	43.6048	-59.6157	91.4931	62	71	203	
954	43.8268	-59.6157	90.7612	62	71	203	
955	43.9018	-59.6157	90	62	71	203	
956	43.8268	-59.6157	89.2388	62	71	203	
957	43.6048	-59.6157	88.5068	62	71	203	
958	43.2442	-59.6157	87.8323	62	71	203	
959	42.759	-59.6157	87.241	62	71	203	
960	42.1677	-59.6157	86.7558	62	71	203	
961	41.4931	-59.6157	86.3952	62	71	203	
962	40.7612	-59.6157	86.1732	62	71	203	
963	40	-60	90	62	71	203	
964	-40	-20	50	33	187	76	
965	-40	-20.3843	46.0982	33	187	76	
966	-40.7612	-20.3843	46.1732	33	187	76	
967	-41.4932	-20.3843	46.3952	33	187	76	
968	-42.1677	-20.3843	46.7558	33	187	76	
969	-42.759	-20.3843	47.241	33	187	76	
970	-43.2442	-20.3843	47.8323	33	187	76	
971	-43.6048	-20.3843	48.5068	33	187	76	
972	-43.8268	-20.3843	49.2388	33	187	76	
973	-43.9018	-20.3843	50	33	187	76	
974	-43.8268	-20.3843	50.7612	33	187	76	
975	-43.6048	-20.3843	51.4932	33	187	76	
976	-43.2442	-20.3843	52.1677	33	187	76	
977	-42.759	-20.3843	52.759	33	187	76	
978	-42.1677	-20.3843	53.2442	33	187	76	
979	-41.4932	-20.3843	53.6048	33	187	76	
980	-40.7612	-20.3843	53.8268	33	187	76	
981	-40	-20.3843	53.9018	33	187	76	
982	-39.2388	-20.3843	53.8268	33	187	76	
983	-38.5068	-20.3843	53.6048	33	187	76	
984	-37.8323	-20.3843	53.2442	33	187	76	
985	-37.241	-20.3843	52.759	33	187	76	
986	-36.7558	-20.3843	52.1677	33	187	76	
987	-36.3952	-20.3843	51.4932	33	187	76	
988	-36.1732	-20.3843	50.7612	33	187	76	
989	-36.0982	-20.3843	50	33	187	76	
990	-36.1732	-20.3843	49.2388	33	187	76	
991	-36.3952	-20.3843	48.5068	33	187	76	
992	-36.7558	-20.3843	47.8323	33	187	76	
993	-37.241	-20.3843	47.241	33	187	76	
994	-37.8323	-20.3843	46.7558	33	187	76	
995	-38.5069	-20.3843	46.3952	33	187	76	
996	-39.2388	-20.3843	46.1732	33	187	76	
997	-40	-21.5224	42.3463	33	187	76	
998	-41.4932	-21.5224	42.4934	33	187	76	
999	-42.9289	-21.5224	42.9289	33	187	76	
1000	-44.2522	-21.5224	43.6362	33	187	76	
1001	-45.412	-21.5224	44.588	33	187	76	
1002	-46.3638	-21.5224	45.7478	33	187	76	
1003	-47.0711	-21.5224	47.0711	33	187	76	
1004	-47.5066	-21.5224	48.5068	33	187	76	
1005	-47.6537	-21.5224	50	33	187	76	
1006	-47.5066	-21.5224	51.4932	33	187	76	
1007	-47.0711	-21.5224	52.9289	33	187	76	
1008	-46.3638	-21.5224	54.2522	33	187	76	
1009	-45.412	-21.5224	55.412	33	187	76	
1010	-44.2521	-21.5224	56.3638	33	187	76	
1011	-42.9289	-21.5224	57.0711	33	187	76	
1012	-41.4931	-21.5224	57.5066	33	187	76	
1013	-40	-21.5224	57.6537	33	187	76	
1014	-38.5068	-21.5224	57.5066	33	187	76	
1015	-37.0711	-21.5224	57.0711	33	187	76	
1016	-35.7478	-21.5224	56.3638	33	187	76	
1017	-34.588	-21.5224	55.412	33	187	76	
1018	-33.6362	-21.5224	54.2521	33	187	76	
1019	-32.9289	-21.5224	52.9289	33	187	76	
1020	-32.4934	-21.5224	51.4931	33	187	76	
1021	-32.3463	-21.5224	50	33	187	76	
1022	-32.4934	-21.5224	48.5068	33	187	76	
1023	-32.9289	-21.5224	47.0711	33	187	76	
1024	-33.6362	-21.5224	45.7478	33	187	76	
1025	-34.5881	-21.5224	44.588	33	187	76	
1026	-35.7479	-21.5224	43.6362	33	187	76	
1027	-37.0711	-21.5224	42.9289	33	187	76	
1028	-38.5069	-21.5224	42.4934	33	187	76	
1029	-40	-23.3706	38.8886	33	187	76	
1030	-42.1677	-23.3706	39.1021	33	187	76	
1031	-44.2522	-23.3706	39.7344	33	187	76	
1032	-46.1732	-23.3706	40.7612	33	187	76	
1033	-47.8569	-23.3706	42.1431	33	187	76	
1034	-49.2388	-23.3706	43.8268	33	187	76	
1035	-50.2656	-23.3706	45.7479	33	187	76	
1036	-50.8979	-23.3706	47.8323	33	187	76	
1037	-51.1114	-23.3706	50	33	187	76	
1038	-50.8979	-23.3706	52.1677	33	187	76	
1039	-50.2656	-23.3706	54.2522	33	187	76	
1040	-49.2388	-23.3706	56.1732	33	187	76	
1041	-47.8569	-23.3706	57.857	33	187	76	
1042	-46.1732	-23.3706	59.2388	33	187	76	
1043	-44.2521	-23.3706	60.2656	33	187	76	
1044	-42.1677	-23.3706	60.8979	33	187	76	
1045	-40	-23.3706	61.1114	33	187	76	
1046	-37.8323	-23.3706	60.8979	33	187	76	
1047	-35.7478	-23.3706	60.2656	33	187	76	
1048	-33.8268	-23.3706	59.2388	33	187	76	
1049	-32.143	-23.3706	57.8569	33	187	76	
1050	-30.7612	-23.3706	56.1732	33	187	76	
1051	-29.7344	-23.3706	54.2521	33	187	76	
1052	-29.1021	-23.3706	52.1677	33	187	76	
1053	-28.8886	-23.3706	50	33	187	76	
1054	-29.1021	-23.3706	47.8323	33	187	76	
1055	-29.7344	-23.3706	45.7478	33	187	76	
1056	-30.7612	-23.3706	43.8268	33	187	76	
1057	-32.1431	-23.3706	42.143	33	187	76	
1058	-33.8269	-23.3706	40.7612	33	187	76	
1059	-35.7479	-23.3706	39.7344	33	187	76	
1060	-37.8323	-23.3706	39.1021	33	187	76	
1061	-40	-25.8579	35.8579	33	187	76	
1062	-42.759	-25.8579	36.1296	33	187	76	
1063	-45.412	-25.8579	36.9344	33	187	76	
1064	-47.8569	-25.8579	38.2412	33	187	76	
1065	-50	-25.8579	40	33	187	76	
1066	-51.7588	-25.8579	42.1431	33	187	76	
1067	-53.0656	-25.8579	44.588	33	187	76	
1068	-53.8704	-25.8579	47.241	33	187	76	
1069	-54.1421	-25.8579	50	33	187	76	
1070	-53.8704	-25.8579	52.759	33	187	76	
1071	-53.0656	-25.8579	55.412	33	187	76	
1072	-51.7588	-25.8579	57.857	33	187	76	
1073	-50	-25.8579	60	33	187	76	
1074	-47.8569	-25.8579	61.7588	33	187	76	
1075	-45.4119	-25.8579	63.0656	33	187	76	
1076	-42.759	-25.8579	63.8704	33	187	76	
1077	-40	-25.8579	64.1421	33	187	76	
1078	-37.241	-25.8579	63.8704	33	187	76	
1079	-34.588	-25.8579	63.0656	33	187	76	
1080	-32.143	-25.8579	61.7587	33	187	76	
1081	-30	-25.8579	60	33	187	76	
1082	-28.2412	-25.8579	57.8569	33	187	76	
1083	-26.9344	-25.8579	55.4119	33	187	76	
1084	-26.1296	-25.8579	52.759	33	187	76	
1085	-25.8579	-25.8579	50	33	187	76	
1086	-26.1296	-25.8579	47.241	33	187	76	
1087	-26.9344	-25.8579	44.588	33	187	76	
1088	-28.2413	-25.8579	42.143	33	187	76	
1089	-30	-25.8579	40	33	187	76	
1090	-32.1431	-25.8579	38.2412	33	187	76	
1091	-34.5881	-25.8579	36.9344	33	187	76	
1092	-37.241	-25.8579	36.1296	33	187	76	
1093	-40	-28.8886	33.3706	33	187	76	
1094	-43.2442	-28.8886	33.6901	33	187	76	
1095	-46.3638	-28.8886	34.6364	33	187	76	
1096	-49.2388	-28.8886	36.1732	33	187	76	
1097	-51.7588	-28.8886	38.2412	33	187	76	
1098	-53.8268	-28.8886	40.7612	33	187	76	
1099	-55.3636	-28.8886	43.6362	33	187	76	
1100	-56.3099	-28.8886	46.7558	33	187	76	
1101	-56.6294	-28.8886	50	33	187	76	
1102	-56.3099	-28.8886	53.2442	33	187	76	
1103	-55.3636	-28.8886	56.3638	33	187	76	
1104	-53.8268	-28.8886	59.2388	33	187	76	
1105	-51.7588	-28.8886	61.7588	33	187	76	
1106	-49.2388	-28.8886	63.8268	33	187	76	
1107	-46.3638	-28.8886	65.3636	33	187	76	
1108	-43.2442	-28.8886	66.3099	33	187	76	
1109	-40	-28.8886	66.6294	33	187	76	
1110	-36.7557	-28.8886	66.3099	33	187	76	
1111	-33.6362	-28.8886	65.3635	33	187	76	
1112	-30.7612	-28.8886	63.8268	33	187	76	
1113	-28.2412	-28.8886	61.7587	33	187	76	
1114	-26.1732	-28.8886	59.2388	33	187	76	
1115	-24.6364	-28.8886	56.3638	33	187	76	
1116	-23.6901	-28.8886	53.2442	33	187	76	
1117	-23.3706	-28.8886	50	33	187	76	
1118	-23.6901	-28.8886	46.7557	33	187	76	
1119	-24.6365	-28.8886	43.6362	33	187	76	
1120	-26.1732	-28.8886	40.7612	33	187	76	
1121	-28.2413	-28.8886	38.2412	33	187	76	
1122	-30.7612	-28.8886	36.1731	33	187	76	
1123	-33.6362	-28.8886	34.6364	33	187	76	
1124	-36.7558	-28.8886	33.6901	33	187	76	
1125	-40	-32.3463	31.5224	33	187	76	
1126	-43.6048	-32.3463	31.8774	33	187	76	
1127	-47.0711	-32.3463	32.9289	33	187	76	
1128	-50.2656	-32.3463	34.6364	33	187	76	
1129	-53.0656	-32.3463	36.9344	33	187	76	
1130	-55.3636	-32.3463	39.7344	33	187	76	
1131	-57.0711	-32.3463	42.9289	33	187	76	
1132	-58.1226	-32.3463	46.3952	33	187	76	
1133	-58.4776	-32.3463	50	33	187	76	
1134	-58.1225	-32.3463	53.6048	33	187	76	
1135	-57.0711	-32.3463	57.0711	33	187	76	
1136	-55.3635	-32.3463	60.2656	33	187	76	
1137	-53.0656	-32.3463	63.0656	33	187	76	
1138	-50.2656	-32.3463	65.3636	33	187	76	
1139	-47.0711	-32.3463	67.0711	33	187	76	
1140	-43.6048	-32.3463	68.1226	33	187	76	
1141	-40	-32.3463	68.4776	33	187	76	
1142	-36.3952	-32.3463	68.1225	33	187	76	
1143	-32.9289	-32.3463	67.0711	33	187	76	
1144	-29.7344	-32.3463	65.3635	33	187	76	
1145	-26.9344	-32.3463	63.0656	33	187	76	
1146	-24.6364	-32.3463	60.2656	33	187	76	
1147	-22.9289	-32.3463	57.071	33	187	76	
1148	-21.8774	-32.3463	53.6048	33	187	76	
1149	-21.5224	-32.3463	50	33	187	76	
1150	-21.8775	-32.3463	46.3952	33	187	76	
1151	-22.9289	-32.3463	42.9289	33	187	76	
1152	-24.6365	-32.3463	39.7344	33	187	76	
1153	-26.9344	-32.3463	36.9343	33	187	76	
1154	-29.7344	-32.3463	34.6364	33	187	76	
1155	-32.929	-32.3463	32.9289	33	187	76	
1156	-36.3952	-32.3463	31.8774	33	187	76	
1157	-40	-36.0982	30.3843	33	187	76	
1158	-43.8268	-36.0982	30.7612	33	187	76	
1159	-47.5066	-36.0982	31.8774	33	187	76	
1160	-50.8979	-36.0982	33.6901	33	187	76	
1161	-53.8704	-36.0982	36.1296	33	187	76	
1162	-56.3099	-36.0982	39.1021	33	187	76	
1163	-58.1226	-36.0982	42.4934	33	187	76	
1164	-59.2388	-36.0982	46.1732	33	187	76	
1165	-59.6157	-36.0982	50	33	187	76	
1166	-59.2388	-36.0982	53.8268	33	187	76	
1167	-58.1225	-36.0982	57.5066	33	187	76	
1168	-56.3099	-36.0982	60.8979	33	187	76	
1169	-53.8704	-36.0982	63.8704	33	187	76	
1170	-50.8979	-36.0982	66.3099	33	187	76	
1171	-47.5066	-36.0982	68.1226	33	187	76	
1172	-43.8268	-36.0982	69.2388	33	187	76	
1173	-40	-36.0982	69.6157	33	187	76	
1174	-36.1731	-36.0982	69.2388	33	187	76	
1175	-32.4934	-36.0982	68.1225	33	187	76	
1176	-29.1021	-36.0982	66.3099	33	187	76	
1177	-26.1296	-36.0982	63.8704	33	187	76	
1178	-23.6901	-36.0982	60.8979	33	187	76	
1179	-21.8774	-36.0982	57.5066	33	187	76	
1180	-20.7612	-36.0982	53.8268	33	187	76	
1181	-20.3843	-36.0982	50	33	187	76	
1182	-20.7612	-36.0982	46.1731	33	187	76	
1183	-21.8775	-36.0982	42.4934	33	187	76	
1184	-23.6902	-36.0982	39.1021	33	187	76	
1185	-26.1296	-36.0982	36.1296	33	187	76	
1186	-29.1021	-36.0982	33.6901	33	187	76	
1187	-32.4934	-36.0982	31.8774	33	187	76	
1188	-36.1732	-36.0982	30.7612	33	187	76	
1189	-40	-40	30	33	187	76	
1190	-43.9018	-40	30.3843	33	187	76	
1191	-47.6537	-40	31.5224	33	187	76	
1192	-51.1114	-40	33.3706	33	187	76	
1193	-54.1421	-40	35.8579	33	187	76	
1194	-56.6294	-40	38.8886	33	187	76	
1195	-58.4776	-40	42.3463	33	187	76	
1196	-59.6157	-40	46.0982	33	187	76	
1197	-60	-40	50	33	187	76	
1198	-59.6157	-40	53.9018	33	187	76	
1199	-58.4776	-40	57.6537	33	187	76	
1200	-56.6294	-40	61.1114	33	187	76	
1201	-54.1421	-40	64.1421	33	187	76	
1202	-51.1114	-40	66.6294	33	187	76	
1203	-47.6537	-40	68.4776	33	187	76	
1204	-43.9018	-40	69.6157	33	187	76	
1205	-40	-40	70	33	187	76	
1206	-36.0982	-40	69.6157	33	187	76	
1207	-32.3463	-40	68.4776	33	187	76	
1208	-28.8886	-40	66.6294	33	187	76	
1209	-25.8578	-40	64.1421	33	187	76	
1210	-23.3706	-40	61.1114	33	187	76	
1211	-21.5224	-40	57.6536	33	187	76	
1212	-20.3843	-40	53.9018	33	187	76	
1213	-20	-40	50	33	187	76	
1214	-20.3843	-40	46.0982	33	187	76	
1215	-21.5224	-40	42.3463	33	187	76	
1216	-23.3706	-40	38.8886	33	187	76	
1217	-25.8579	-40	35.8578	33	187	76	
1218	-28.8886	-40	33.3706	33	187	76	
1219	-32.3464	-40	31.5224	33	187	76	
1220	-36.0982	-40	30.3843	33	187	76	
1221	-40	-43.9018	30.3843	33	187	76	
1222	-43.8268	-43.9018	30.7612	33	187	76	
1223	-47.5066	-43.9018	31.8774	33	187	76	
1224	-50.8979	-43.9018	33.6901	33	187	76	
1225	-53.8704	-43.9018	36.1296	33	187	76	
1226	-56.3099	-43.9018	39.1021	33	187	76	
1227	-58.1226	-43.9018	42.4934	33	187	76	
1228	-59.2388	-43.9018	46.1732	33	187	76	
1229	-59.6157	-43.9018	50	33	187	76	
1230	-59.2388	-43.9018	53.8268	33	187	76	
1231	-58.1225	-43.9018	57.5066	33	187	76	
1232	-56.3099	-43.9018	60.8979	33	187	76	
1233	-53.8704	-43.9018	63.8704	33	187	76	
1234	-50.8979	-43.9018	66.3099	33	187	76	
1235	-47.5066	-43.9018	68.1226	33	187	76	
1236	-43.8268	-43.9018	69.2388	33	187	76	
1237	-40	-43.9018	69.6157	33	187	76	
1238	-36.1731	-43.9018	69.2388	33	187	76	
1239	-32.4934	-43.9018	68.1225	33	187	76	
1240	-29.1021	-43.9018	66.3099	33	187	76	
1241	-26.1296	-43.9018	63.8704	33	187	76	
1242	-23.6901	-43.9018	60.8979	33	187	76	
1243	-21.8774	-43.9018	57.5066	33	187	76	
1244	-20.7612	-43.9018	53.8268	33	187	76	
1245	-20.3843	-43.9018	50	33	187	76	
1246	-20.7612	-43.9018	46.1731	33	187	76	
1247	-21.8775	-43.9018	42.4934	33	187	76	
1248	-23.6902	-43.9018	39.1021	33	187	76	
1249	-26.1296	-43.9018	36.1296	33	187	76	
1250	-29.1021	-43.9018	33.6901	33	187	76	
1251	-32.4934	-43.9018	31.8774	33	187	76	
1252	-36.1732	-43.9018	30.7612	33	187	76	
1253	-40	-47.6537	31.5224	33	187	76	
1254	-43.6048	-47.6537	31.8774	33	187	76	
1255	-47.0711	-47.6537	32.9289	33	187	76	
1256	-50.2656	-47.6537	34.6364	33	187	76	
1257	-53.0656	-47.6537	36.9344	33	187	76	
1258	-55.3636	-47.6537	39.7344	33	187	76	
1259	-57.0711	-47.6537	42.9289	33	187	76	
1260	-58.1226	-47.6537	46.3952	33	187	76	
1261	-58.4776	-47.6537	50	33	187	76	
1262	-58.1225	-47.6537	53.6048	33	187	76	
1263	-57.0711	-47.6537	57.0711	33	187	76	
1264	-55.3635	-47.6537	60.2656	33	187	76	
1265	-53.0656	-47.6537	63.0656	33	187	76	
1266	-50.2656	-47.6537	65.3636	33	187	76	
1267	-47.0711	-47.6537	67.0711	33	187	76	
1268	-43.6048	-47.6537	68.1226	33	187	76	
1269	-40	-47.6537	68.4776	33	187	76	
1270	-36.3952	-47.6537	68.1225	33	187	76	
1271	-32.9289	-47.6537	67.0711	33	187	76	
1272	-29.7344	-47.6537	65.3635	33	187	76	
1273	-26.9344	-47.6537	63.0656	33	187	76	
1274	-24.6364	-47.6537	60.2656	33	187	76	
1275	-22.9289	-47.6537	57.071	33	187	76	
1276	-21.8774	-47.6537	53.6048	33	187	76	
1277	-21.5224	-47.6537	50	33	187	76	
1278	-21.8775	-47.6537	46.3952	33	187	76	
1279	-22.9289	-47.6537	42.9289	33	187	76	
1280	-24.6365	-47.6537	39.7344	33	187	76	
1281	-26.9344	-47.6537	36.9343	33	187	76	
1282	-29.7344	-47.6537	34.6364	33	187	76	
1283	-32.929	-47.6537	32.9289	33	187	76	
1284	-36.3952	-47.6537	31.8774	33	187	76	
1285	-40	-51.1114	33.3706	33	187	76	
1286	-43.2442	-51.1114	33.6901	33	187	76	
1287	-46.3638	-51.1114	34.6364	33	187	76	
1288	-49.2388	-51.1114	36.1732	33	187	76	
1289	-51.7588	-51.1114	38.2412	33	187	76	
1290	-53.8268	-51.1114	40.7612	33	187	76	
1291	-55.3636	-51.1114	43.6362	33	187	76	
1292	-56.3099	-51.1114	46.7558	33	187	76	
1293	-56.6294	-51.1114	50	33	187	76	
1294	-56.3099	-51.1114	53.2442	33	187	76	
1295	-55.3636	-51.1114	56.3638	33	187	76	
1296	-53.8268	-51.1114	59.2388	33	187	76	
1297	-51.7588	-51.1114	61.7588	33	187	76	
1298	-49.2388	-51.1114	63.8268	33	187	76	
1299	-46.3638	-51.1114	65.3636	33	187	76	
1300	-43.2442	-51.1114	66.3099	33	187	76	
1301	-40	-51.1114	66.6294	33	187	76	
1302	-36.7557	-51.1114	66.3099	33	187	76	
1303	-33.6362	-51.1114	65.3635	33	187	76	
1304	-30.7612	-51.1114	63.8268	33	187	76	
1305	-28.2412	-51.1114	61.7587	33	187	76	
1306	-26.1732	-51.1114	59.2388	33	187	76	
1307	-24.6364	-51.1114	56.3638	33	187	76	
1308	-23.6901	-51.1114	53.2442	33	187	76	
1309	-23.3706	-51.1114	50	33	187	76	
1310	-23.6901	-51.1114	46.7557	33	187	76	
1311	-24.6365	-51.1114	43.6362	33	187	76	
1312	-26.1732	-51.1114	40.7612	33	187	76	
1313	-28.2413	-51.1114	38.2412	33	187	76	
1314	-30.7612	-51.1114	36.1731	33	187	76	
1315	-33.6362	-51.1114	34.6364	33	187	76	
1316	-36.7558	-51.1114	33.6901	33	187	76	
1317	-40	-54.1421	35.8579	33	187	76	
1318	-42.759	-54.1421	36.1296	33	187	76	
1319	-45.412	-54.1421	36.9344	33	187	76	
1320	-47.8569	-54.1421	38.2412	33	187	76	
1321	-50	-54.1421	40	33	187	76	
1322	-51.7588	-54.1421	42.1431	33	187	76	
1323	-53.0656	-54.1421	44.588	33	187	76	
1324	-53.8704	-54.1421	47.241	33	187	76	
1325	-54.1421	-54.1421	50	33	187	76	
1326	-53.8704	-54.1421	52.759	33	187	76	
1327	-53.0656	-54.1421	55.412	33	187	76	
1328	-51.7588	-54.1421	57.857	33	187	76	
1329	-50	-54.1421	60	33	187	76	
1330	-47.8569	-54.1421	61.7588	33	187	76	
1331	-45.4119	-54.1421	63.0656	33	187	76	
1332	-42.759	-54.1421	63.8704	33	187	76	
1333	-40	-54.1421	64.1421	33	187	76	
1334	-37.241	-54.1421	63.8704	33	187	76	
1335	-34.588	-54.1421	63.0656	33	187	76	
1336	-32.143	-54.1421	61.7587	33	187	76	
1337	-30	-54.1421	60	33	187	76	
1338	-28.2412	-54.1421	57.8569	33	187	76	
1339	-26.9344	-54.1421	55.4119	33	187	76	
1340	-26.1296	-54.1421	52.759	33	187	76	
1341	-25.8579	-54.1421	50	33	187	76	
1342	-26.1296	-54.1421	47.241	33	187	76	
1343	-26.9344	-54.1421	44.588	33	187	76	
1344	-28.2413	-54.1421	42.143	33	187	76	
1345	-30	-54.1421	40	33	187	76	
1346	-32.1431	-54.1421	38.2412	33	187	76	
1347	-34.5881	-54.1421	36.9344	33	187	76	
1348	-37.241	-54.1421	36.1296	33	187	76	
1349	-40	-56.6294	38.8886	33	187	76	
1350	-42.1677	-56.6294	39.1021	33	187	76	
1351	-44.2522	-56.6294	39.7344	33	187	76	
1352	-46.1732	-56.6294	40.7612	33	187	76	
1353	-47.8569	-56.6294	42.1431	33	187	76	
1354	-49.2388	-56.6294	43.8268	33	187	76	
1355	-50.2656	-56.6294	45.7479	33	187	76	
1356	-50.8979	-56.6294	47.8323	33	187	76	
1357	-51.1114	-56.6294	50	33	187	76	
1358	-50.8979	-56.6294	52.1677	33	187	76	
1359	-50.2656	-56.6294	54.2522	33	187	76	
1360	-49.2388	-56.6294	56.1732	33	187	76	
1361	-47.8569	-56.6294	57.857	33	187	76	
1362	-46.1732	-56.6294	59.2388	33	187	76	
1363	-44.2521	-56.6294	60.2656	33	187	76	
1364	-42.1677	-56.6294	60.8979	33	187	76	
1365	-40	-56.6294	61.1114	33	187	76	
1366	-37.8323	-56.6294	60.8979	33	187	76	
1367	-35.7478	-56.6294	60.2656	33	187	76	
1368	-33.8268	-56.6294	59.2388	33	187	76	
1369	-32.143	-56.6294	57.8569	33	187	76	
1370	-30.7612	-56.6294	56.1732	33	187	76	
1371	-29.7344	-56.6294	54.2521	33	187	76	
1372	-29.1021	-56.6294	52.1677	33	187	76	
1373	-28.8886	-56.6294	50	33	187	76	
1374	-29.1021	-56.6294	47.8323	33	187	76	
1375	-29.7344	-56.6294	45.7478	33	187	76	
1376	-30.7612	-56.6294	43.8268	33	187	76	
1377	-32.1431	-56.6294	42.143	33	187	76	
1378	-33.8269	-56.6294	40.7612	33	187	76	
1379	-35.7479	-56.6294	39.7344	33	187	76	
1380	-37.8323	-56.6294	39.1021	33	187	76	
1381	-40	-58.4776	42.3463	33	187	76	
1382	-41.4932	-58.4776	42.4934	33	187	76	
1383	-42.9289	-58.4776	42.9289	33	187	76	
1384	-44.2521	-58.4776	43.6362	33	187	76	
1385	-45.412	-58.4776	44.588	33	187	76	
1386	-46.3638	-58.4776	45.7479	33	187	76	
1387	-47.0711	-58.4776	47.0711	33	187	76	
1388	-47.5066	-58.4776	48.5068	33	187	76	
1389	-47.6537	-58.4776	50	33	187	76	
1390	-47.5066	-58.4776	51.4932	33	187	76	
1391	-47.0711	-58.4776	52.9289	33	187	76	
1392	-46.3638	-58.4776	54.2522	33	187	76	
1393	-45.412	-58.4776	55.412	33	187	76	
1394	-44.2521	-58.4776	56.3638	33	187	76	
1395	-42.9289	-58.4776	57.0711	33	187	76	
1396	-41.4931	-58.4776	57.5066	33	187	76	
1397	-40	-58.4776	57.6537	33	187	76	
1398	-38.5068	-58.4776	57.5066	33	187	76	
1399	-37.0711	-58.4776	57.0711	33	187	76	
1400	-35.7478	-58.4776	56.3638	33	187	76	
1401	-34.588	-58.4776	55.412	33	187	76	
1402	-33.6362	-58.4776	54.2521	33	187	76	
1403	-32.9289	-58.4776	52.9289	33	187	76	
1404	-32.4934	-58.4776	51.4931	33	187	76	
1405	-32.3463	-58.4776	50	33	187	76	
1406	-32.4934	-58.4776	48.5068	33	187	76	
1407	-32.9289	-58.4776	47.0711	33	187	76	
1408	-33.6362	-58.4776	45.7478	33	187	76	
1409	-34.5881	-58.4776	44.588	33	187	76	
1410	-35.7479	-58.4776	43.6362	33	187	76	
1411	-37.0711	-58.4776	42.9289	33	187	76	
1412	-38.5069	-58.4776	42.4934	33	187	76	
1413	-40	-59.6157	46.0982	33	187	76	
1414	-40.7612	-59.6157	46.1732	33	187	76	
1415	-41.4932	-59.6157	46.3952	33	187	76	
1416	-42.1677	-59.6157	46.7558	33	187	76	
1417	-42.759	-59.6157	47.241	33	187	76	
1418	-43.2442	-59.6157	47.8323	33	187	76	
1419	-43.6048	-59.6157	48.5068	33	187	76	
1420	-43.8268	-59.6157	49.2388	33	187	76	
1421	-43.9018	-59.6157	50	33	187	76	
1422	-43.8268	-59.6157	50.7612	33	187	76	
1423	-43.6048	-59.6157	51.4932	33	187	76	
1424	-43.2442	-59.6157	52.1677	33	187	76	
1425	-42.759	-59.6157	52.759	33	187	76	
1426	-42.1677	-59.6157	53.2442	33	187	76	
1427	-41.4932	-59.6157	53.6048	33	187	76	
1428	-40.7612	-59.6157	53.8268	33	187	76	
1429	-40	-59.6157	53.9018	33	187	76	
1430	-39.2388	-59.6157	53.8268	33	187	76	
1431	-38.5068	-59.6157	53.6048	33	187	76	
1432	-37.8323	-59.6157	53.2442	33	187	76	
1433	-37.241	-59.6157	52.759	33	187	76	
1434	-36.7558	-59.6157	52.1677	33	187	76	
1435	-36.3952	-59.6157	51.4931	33	187	76	
1436	-36.1732	-59.6157	50.7612	33	187	76	
1437	-36.0982	-59.6157	50	33	187	76	
1438	-36.1732	-59.6157	49.2388	33	187	76	
1439	-36.3952	-59.6157	48.5068	33	187	76	
1440	-36.7558	-59.6157	47.8323	33	187	76	
1441	-37.241	-59.6157	47.241	33	187	76	
1442	-37.8323	-59.6157	46.7558	33	187	76	
1443	-38.5069	-59.6157	46.3952	33	187	76	
1444	-39.2388	-59.6157	46.1732	33	187	76	
1445	-40	-60	50	33	187	76	
1446	0	10	10	128	128	128	
1447	0	9.8079	8.0491	128	128	128	
1448	-0.3806	9.8079	8.0866	128	128	128	
1449	-0.7466	9.8079	8.1976	128	128	128	
1450	-1.0839	9.8079	8.3779	128	128	128	
1451	-1.3795	9.8079	8.6205	128	128	128	
1452	-1.6221	9.8079	8.9161	128	128	128	
1453	-1.8024	9.8079	9.2534	128	128	128	
1454	-1.9134	9.8079	9.6194	128	128	128	
1455	-1.9509	9.8079	10	128	128	128	
1456	-1.9134	9.8079	10.3806	128	128	128	
1457	-1.8024	9.8079	10.7466	128	128	128	
1458	-1.6221	9.8079	11.0839	128	128	128	
1459	-1.3795	9.8079	11.3795	128	128	128	
1460	-1.0839	9.8079	11.6221	128	128	128	
1461	-0.7466	9.8079	11.8024	128	128	128	
1462	-0.3806	9.8079	11.9134	128	128	128	
1463	0	9.8079	11.9509	128	128	128	
1464	0.3806	9.8079	11.9134	128	128	128	
1465	0.7466	9.8079	11.8024	128	128	128	
1466	1.0839	9.8079	11.6221	128	128	128	
1467	1.3795	9.8079	11.3795	128	128	128	
1468	1.6221	9.8079	11.0839	128	128	128	
1469	1.8024	9.8079	10.7466	128	128	128	
1470	1.9134	9.8079	10.3806	128	128	128	
1471	1.9509	9.8079	10	128	128	128	
1472	1.9134	9.8079	9.6194	128	128	128	
1473	1.8024	9.8079	9.2534	128	128	128	
1474	1.6221	9.8079	8.9161	128	128	128	
1475	1.3795	9.8079	8.6205	128	128	128	
1476	1.0839	9.8079	8.3779	128	128	128	
1477	0.7466	9.8079	8.1976	128	128	128	
1478	0.3806	9.8079	8.0866	128	128	128	
1479	0	9.2388	6.1732	128	128	128	
1480	-0.7466	9.2388	6.2467	128	128	128	
1481	-1.4645	9.2388	6.4645	128	128	128	
1482	-2.1261	9.2388	6.8181	128	128	128	
1483	-2.706	9.2388	7.294	128	128	128	
1484	-3.1819	9.2388	7.8739	128	128	128	
1485	-3.5355	9.2388	8.5355	128	128	128	
1486	-3.7533	9.2388	9.2534	128	128	128	
1487	-3.8268	9.2388	10	128	128	128	
1488	-3.7533	9.2388	10.7466	128	128	128	
1489	-3.5355	9.2388	11.4645	128	128	128	
1490	-3.1819	9.2388	12.1261	128	128	128	
1491	-2.706	9.2388	12.706	128	128	128	
1492	-2.1261	9.2388	13.1819	128	128	128	
1493	-1.4645	9.2388	13.5355	128	128	128	
1494	-0.7466	9.2388	13.7533	128	128	128	
1495	0	9.2388	13.8268	128	128	128	
1496	0.7466	9.2388	13.7533	128	128	128	
1497	1.4645	9.2388	13.5355	128	128	128	
1498	2.1261	9.2388	13.1819	128	128	128	
1499	2.706	9.2388	12.706	128	128	128	
1500	3.1819	9.2388	12.1261	128	128	128	
1501	3.5355	9.2388	11.4645	128	128	128	
1502	3.7533	9.2388	10.7466	128	128	128	
1503	3.8268	9.2388	10	128	128	128	
1504	3.7533	9.2388	9.2534	128	128	128	
1505	3.5355	9.2388	8.5355	128	128	128	
1506	3.1819	9.2388	7.8739	128	128	128	
1507	2.706	9.2388	7.294	128	128	128	
1508	2.1261	9.2388	6.8181	128	128	128	
1509	1.4645	9.2388	6.4645	128	128	128	
1510	0.7466	9.2388	6.2467	128	128	128	
1511	0	8.3147	4.4443	128	128	128	
1512	-1.0839	8.3147	4.551	128	128	128	
1513	-2.1261	8.3147	4.8672	128	128	128	
1514	-3.0866	8.3147	5.3806	128	128	128	
1515	-3.9285	8.3147	6.0715	128	128	128	
1516	-4.6194	8.3147	6.9134	128	128	128	
1517	-5.1328	8.3147	7.8739	128	128	128	
1518	-5.449	8.3147	8.9161	128	128	128	
1519	-5.5557	8.3147	10	128	128	128	
1520	-5.449	8.3147	11.0839	128	128	128	
1521	-5.1328	8.3147	12.1261	128	128	128	
1522	-4.6194	8.3147	13.0866	128	128	128	
1523	-3.9285	8.3147	13.9285	128	128	128	
1524	-3.0866	8.3147	14.6194	128	128	128	
1525	-2.1261	8.3147	15.1328	128	128	128	
1526	-1.0839	8.3147	15.449	128	128	128	
1527	0	8.3147	15.5557	128	128	128	
1528	1.0839	8.3147	15.449	128	128	128	
1529	2.1261	8.3147	15.1328	128	128	128	
1530	3.0866	8.3147	14.6194	128	128	128	
1531	3.9285	8.3147	13.9285	128	128	128	
1532	4.6194	8.3147	13.0866	128	128	128	
1533	5.1328	8.3147	12.1261	128	128	128	
1534	5.449	8.3147	11.0839	128	128	128	
1535	5.5557	8.3147	10	128	128	128	
1536	5.4489	8.3147	8.9161	128	128	128	
1537	5.1328	8.3147	7.8739	128	128	128	
1538	4.6194	8.3147	6.9134	128	128	128	
1539	3.9285	8.3147	6.0715	128	128	128	
1540	3.0866	8.3147	5.3806	128	128	128	
1541	2.1261	8.3147	4.8672	128	128	128	
1542	1.0839	8.3147	4.551	128	128	128	
1543	0	7.0711	2.9289	128	128	128	
1544	-1.3795	7.0711	3.0648	128	128	128	
1545	-2.706	7.0711	3.4672	128	128	128	
1546	-3.9285	7.0711	4.1206	128	128	128	
1547	-5	7.0711	5	128	128	128	
1548	-5.8794	7.0711	6.0715	128	128	128	
1549	-6.5328	7.0711	7.294	128	128	128	
1550	-6.9352	7.0711	8.6205	128	128	128	
1551	-7.0711	7.0711	10	128	128	128	
1552	-6.9352	7.0711	11.3795	128	128	128	
1553	-6.5328	7.0711	12.706	128	128	128	
1554	-5.8794	7.0711	13.9285	128	128	128	
1555	-5	7.0711	15	128	128	128	
1556	-3.9285	7.0711	15.8794	128	128	128	
1557	-2.706	7.0711	16.5328	128	128	128	
1558	-1.3795	7.0711	16.9352	128	128	128	
1559	0	7.0711	17.0711	128	128	128	
1560	1.3795	7.0711	16.9352	128	128	128	
1561	2.706	7.0711	16.5328	128	128	128	
1562	3.9285	7.0711	15.8794	128	128	128	
1563	5	7.0711	15	128	128	128	
1564	5.8794	7.0711	13.9285	128	128	128	
1565	6.5328	7.0711	12.706	128	128	128	
1566	6.9352	7.0711	11.3795	128	128	128	
1567	7.0711	7.0711	10	128	128	128	
1568	6.9352	7.0711	8.6205	128	128	128	
1569	6.5328	7.0711	7.294	128	128	128	
1570	5.8794	7.0711	6.0715	128	128	128	
1571	5	7.0711	5	128	128	128	
1572	3.9285	7.0711	4.1206	128	128	128	
1573	2.706	7.0711	3.4672	128	128	128	
1574	1.3795	7.0711	3.0648	128	128	128	
1575	0	5.5557	1.6853	128	128	128	
1576	-1.6221	5.5557	1.8451	128	128	128	
1577	-3.1819	5.5557	2.3182	128	128	128	
1578	-4.6194	5.5557	3.0866	128	128	128	
1579	-5.8794	5.5557	4.1206	128	128	128	
1580	-6.9134	5.5557	5.3806	128	128	128	
1581	-7.6818	5.5557	6.8181	128	128	128	
1582	-8.1549	5.5557	8.3779	128	128	128	
1583	-8.3147	5.5557	10	128	128	128	
1584	-8.1549	5.5557	11.6221	128	128	128	
1585	-7.6818	5.5557	13.1819	128	128	128	
1586	-6.9134	5.5557	14.6194	128	128	128	
1587	-5.8794	5.5557	15.8794	128	128	128	
1588	-4.6194	5.5557	16.9134	128	128	128	
1589	-3.1819	5.5557	17.6818	128	128	128	
1590	-1.6221	5.5557	18.1549	128	128	128	
1591	0	5.5557	18.3147	128	128	128	
1592	1.6221	5.5557	18.1549	128	128	128	
1593	3.1819	5.5557	17.6818	128	128	128	
1594	4.6194	5.5557	16.9134	128	128	128	
1595	5.8794	5.5557	15.8794	128	128	128	
1596	6.9134	5.5557	14.6194	128	128	128	
1597	7.6818	5.5557	13.1819	128	128	128	
1598	8.1549	5.5557	11.6221	128	128	128	
1599	8.3147	5.5557	10	128	128	128	
1600	8.1549	5.5557	8.3779	128	128	128	
1601	7.6818	5.5557	6.8181	128	128	128	
1602	6.9134	5.5557	5.3806	128	128	128	
1603	5.8794	5.5557	4.1206	128	128	128	
1604	4.6194	5.5557	3.0866	128	128	128	
1605	3.1819	5.5557	2.3182	128	128	128	
1606	1.6221	5.5557	1.8451	128	128	128	
1607	0	3.8268	0.7612	128	128	128	
1608	-1.8024	3.8268	0.938698	128	128	128	
1609	-3.5355	3.8268	1.4645	128	128	128	
1610	-5.1328	3.8268	2.3182	128	128	128	
1611	-6.5328	3.8268	3.4672	128	128	128	
1612	-7.6818	3.8268	4.8672	128	128	128	
1613	-8.5355	3.8268	6.4645	128	128	128	
1614	-9.0613	3.8268	8.1976	128	128	128	
1615	-9.2388	3.8268	10	128	128	128	
1616	-9.0613	3.8268	11.8024	128	128	128	
1617	-8.5355	3.8268	13.5355	128	128	128	
1618	-7.6818	3.8268	15.1328	128	128	128	
1619	-6.5328	3.8268	16.5328	128	128	128	
1620	-5.1328	3.8268	17.6818	128	128	128	
1621	-3.5355	3.8268	18.5355	128	128	128	
1622	-1.8024	3.8268	19.0613	128	128	128	
1623	0	3.8268	19.2388	128	128	128	
1624	1.8024	3.8268	19.0613	128	128	128	
1625	3.5355	3.8268	18.5355	128	128	128	
1626	5.1328	3.8268	17.6818	128	128	128	
1627	6.5328	3.8268	16.5328	128	128	128	
1628	7.6818	3.8268	15.1328	128	128	128	
1629	8.5355	3.8268	13.5355	128	128	128	
1630	9.0613	3.8268	11.8024	128	128	128	
1631	9.2388	3.8268	10	128	128	128	
1632	9.0613	3.8268	8.1976	128	128	128	
1633	8.5355	3.8268	6.4645	128	128	128	
1634	7.6818	3.8268	4.8672	128	128	128	
1635	6.5328	3.8268	3.4672	128	128	128	
1636	5.1328	3.8268	2.3182	128	128	128	
1637	3.5355	3.8268	1.4645	128	128	128	
1638	1.8024	3.8268	0.938698	128	128	128	
1639	0	1.9509	0.192101	128	128	128	
1640	-1.9134	1.9509	0.3806	128	128	128	
1641	-3.7533	1.9509	0.938698	128	128	128	
1642	-5.449	1.9509	1.8451	128	128	128	
1643	-6.9352	1.9509	3.0648	128	128	128	
1644	-8.1549	1.9509	4.551	128	128	128	
1645	-9.0613	1.9509	6.2467	128	128	128	
1646	-9.6194	1.9509	8.0866	128	128	128	
1647	-9.8079	1.9509	10	128	128	128	
1648	-9.6194	1.9509	11.9134	128	128	128	
1649	-9.0613	1.9509	13.7533	128	128	128	
1650	-8.1549	1.9509	15.449	128	128	128	
1651	-6.9352	1.9509	16.9352	128	128	128	
1652	-5.4489	1.9509	18.1549	128	128	128	
1653	-3.7533	1.9509	19.0613	128	128	128	
1654	-1.9134	1.9509	19.6194	128	128	128	
1655	0	1.9509	19.8079	128	128	128	
1656	1.9134	1.9509	19.6194	128	128	128	
1657	3.7533	1.9509	19.0613	128	128	128	
1658	5.449	1.9509	18.1549	128	128	128	
1659	6.9352	1.9509	16.9352	128	128	128	
1660	8.1549	1.9509	15.4489	128	128	128	
1661	9.0613	1.9509	13.7533	128	128	128	
1662	9.6194	1.9509	11.9134	128	128	128	
1663	9.8079	1.9509	10	128	128	128	
1664	9.6194	1.9509	8.0866	128	128	128	
1665	9.0613	1.9509	6.2467	128	128	128	
1666	8.1549	1.9509	4.551	128	128	128	
1667	6.9352	1.9509	3.0648	128	128	128	
1668	5.4489	1.9509	1.8451	128	128	128	
1669	3.7533	1.9509	0.938698	128	128	128	
1670	1.9134	1.9509	0.3806	128	128	128	
1671	0	0	0	128	128	128	
1672	-1.9509	0	0.192101	128	128	128	
1673	-3.8268	0	0.7612	128	128	128	
1674	-5.5557	0	1.6853	128	128	128	
1675	-7.0711	0	2.9289	128	128	128	
1676	-8.3147	0	4.4443	128	128	128	
1677	-9.2388	0	6.1732	128	128	128	
1678	-9.8079	0	8.0491	128	128	128	
1679	-10	0	10	128	128	128	
1680	-9.8079	0	11.9509	128	128	128	
1681	-9.2388	0	13.8268	128	128	128	
1682	-8.3147	0	15.5557	128	128	128	
1683	-7.0711	0	17.0711	128	128	128	
1684	-5.5557	0	18.3147	128	128	128	
1685	-3.8268	0	19.2388	128	128	128	
1686	-1.9509	0	19.8079	128	128	128	
1687	0	0	20	128	128	128	
1688	1.9509	0	19.8078	128	128	128	
1689	3.8268	0	19.2388	128	128	128	
1690	5.5557	0	18.3147	128	128	128	
1691	7.0711	0	17.0711	128	128	128	
1692	8.3147	0	15.5557	128	128	128	
1693	9.2388	0	13.8268	128	128	128	
1694	9.8079	0	11.9509	128	128	128	
1695	10	0	10	128	128	128	
1696	9.8078	0	8.0491	128	128	128	
1697	9.2388	0	6.1731	128	128	128	
1698	8.3147	0	4.4443	128	128	128	
1699	7.0711	0	2.9289	128	128	128	
1700	5.5557	0	1.6853	128	128	128	
1701	3.8268	0	0.7612	128	128	128	
1702	1.9509	0	0.192101	128	128	128	
1703	0	-1.9509	0.192101	128	128	128	
1704	-1.9134	-1.9509	0.3806	128	128	128	
1705	-3.7533	-1.9509	0.938698	128	128	128	
1706	-5.449	-1.9509	1.8451	128	128	128	
1707	-6.9352	-1.9509	3.0648	128	128	128	
1708	-8.1549	-1.9509	4.551	128	128	128	
1709	-9.0613	-1.9509	6.2467	128	128	128	
1710	-9.6194	-1.9509	8.0866	128	128	128	
1711	-9.8079	-1.9509	10	128	128	128	
1712	-9.6194	-1.9509	11.9134	128	128	128	
1713	-9.0613	-1.9509	13.7533	128	128	128	
1714	-8.1549	-1.9509	15.449	128	128	128	
1715	-6.9352	-1.9509	16.9352	128	128	128	
1716	-5.4489	-1.9509	18.1549	128	128	128	
1717	-3.7533	-1.9509	19.0613	128	128	128	
1718	-1.9134	-1.9509	19.6194	128	128	128	
1719	0	-1.9509	19.8079	128	128	128	
1720	1.9134	-1.9509	19.6194	128	128	128	
1721	3.7533	-1.9509	19.0613	128	128	128	
1722	5.449	-1.9509	18.1549	128	128	128	
1723	6.9352	-1.9509	16.9352	128	128	128	
1724	8.1549	-1.9509	15.4489	128	128	128	
1725	9.0613	-1.9509	13.7533	128	128	128	
1726	9.6194	-1.9509	11.9134	128	128	128	
1727	9.8079	-1.9509	10	128	128	128	
1728	9.6194	-1.9509	8.0866	128	128	128	
1729	9.0613	-1.9509	6.2467	128	128	128	
1730	8.1549	-1.9509	4.551	128	128	128	
1731	6.9352	-1.9509	3.0648	128	128	128	
1732	5.4489	-1.9509	1.8451	128	128	128	
1733	3.7533	-1.9509	0.938698	128	128	128	
1734	1.9134	-1.9509	0.3806	128	128	128	
1735	0	-3.8268	0.7612	128	128	128	
1736	-1.8024	-3.8268	0.938698	128	128	128	
1737	-3.5355	-3.8268	1.4645	128	128	128	
1738	-5.1328	-3.8268	2.3182	128	128	128	
1739	-6.5328	-3.8268	3.4672	128	128	128	
1740	-7.6818	-3.8268	4.8672	128	128	128	
1741	-8.5355	-3.8268	6.4645	128	128	128	
1742	-9.0613	-3.8268	8.1976	128	128	128	
1743	-9.2388	-3.8268	10	128	128	128	
1744	-9.0613	-3.8268	11.8024	128	128	128	
1745	-8.5355	-3.8268	13.5355	128	128	128	
1746	-7.6818	-3.8268	15.1328	128	128	128	
1747	-6.5328	-3.8268	16.5328	128	128	128	
1748	-5.1328	-3.8268	17.6818	128	128	128	
1749	-3.5355	-3.8268	18.5355	128	128	128	
1750	-1.8024	-3.8268	19.0613	128	128	128	
1751	0	-3.8268	19.2388	128	128	128	
1752	1.8024	-3.8268	19.0613	128	128	128	
1753	3.5355	-3.8268	18.5355	128	128	128	
1754	5.1328	-3.8268	17.6818	128	128	128	
1755	6.5328	-3.8268	16.5328	128	128	128	
1756	7.6818	-3.8268	15.1328	128	128	128	
1757	8.5355	-3.8268	13.5355	128	128	128	
1758	9.0613	-3.8268	11.8024	128	128	128	
1759	9.2388	-3.8268	10	128	128	128	
1760	9.0613	-3.8268	8.1976	128	128	128	
1761	8.5355	-3.8268	6.4645	128	128	128	
1762	7.6818	-3.8268	4.8672	128	128	128	
1763	6.5328	-3.8268	3.4672	128	128	128	
1764	5.1328	-3.8268	2.3182	128	128	128	
1765	3.5355	-3.8268	1.4645	128	128	128	
1766	1.8024	-3.8268	0.938698	128	128	128	
1767	0	-5.5557	1.6853	128	128	128	
1768	-1.6221	-5.5557	1.8451	128	128	128	
1769	-3.1819	-5.5557	2.3182	128	128	128	
1770	-4.6194	-5.5557	3.0866	128	128	128	
1771	-5.8794	-5.5557	4.1206	128	128	128	
1772	-6.9134	-5.5557	5.3806	128	128	128	
1773	-7.6818	-5.5557	6.8181	128	128	128	
1774	-8.1549	-5.5557	8.3779	128	128	128	
1775	-8.3147	-5.5557	10	128	128	128	
1776	-8.1549	-5.5557	11.6221	128	128	128	
1777	-7.6818	-5.5557	13.1819	128	128	128	
1778	-6.9134	-5.5557	14.6194	128	128	128	
1779	-5.8794	-5.5557	15.8794	128	128	128	
1780	-4.6194	-5.5557	16.9134	128	128	128	
1781	-3.1819	-5.5557	17.6818	128	128	128	
1782	-1.6221	-5.5557	18.1549	128	128	128	
1783	0	-5.5557	18.3147	128	128	128	
1784	1.6221	-5.5557	18.1549	128	128	128	
1785	3.1819	-5.5557	17.6818	128	128	128	
1786	4.6194	-5.5557	16.9134	128	128	128	
1787	5.8794	-5.5557	15.8794	128	128	128	
1788	6.9134	-5.5557	14.6194	128	128	128	
1789	7.6818	-5.5557	13.1819	128	128	128	
1790	8.1549	-5.5557	11.6221	128	128	128	
1791	8.3147	-5.5557	10	128	128	128	
1792	8.1549	-5.5557	8.3779	128	128	128	
1793	7.6818	-5.5557	6.8181	128	128	128	
1794	6.9134	-5.5557	5.3806	128	128	128	
1795	5.8794	-5.5557	4.1206	128	128	128	
1796	4.6194	-5.5557	3.0866	128	128	128	
1797	3.1819	-5.5557	2.3182	128	128	128	
1798	1.6221	-5.5557	1.8451	128	128	128	
1799	0	-7.0711	2.9289	128	128	128	
1800	-1.3795	-7.0711	3.0648	128	128	128	
1801	-2.706	-7.0711	3.4672	128	128	128	
1802	-3.9285	-7.0711	4.1206	128	128	128	
1803	-5	-7.0711	5	128	128	128	
1804	-5.8794	-7.0711	6.0715	128	128	128	
1805	-6.5328	-7.0711	7.294	128	128	128	
1806	-6.9352	-7.0711	8.6205	128	128	128	
1807	-7.0711	-7.0711	10	128	128	128	
1808	-6.9352	-7.0711	11.3795	128	128	128	
1809	-6.5328	-7.0711	12.706	128	128	128	
1810	-5.8794	-7.0711	13.9285	128	128	128	
1811	-5	-7.0711	15	128	128	128	
1812	-3.9285	-7.0711	15.8794	128	128	128	
1813	-2.706	-7.0711	16.5328	128	128	128	
1814	-1.3795	-7.0711	16.9352	128	128	128	
1815	0	-7.0711	17.0711	128	128	128	
1816	1.3795	-7.0711	16.9352	128	128	128	
1817	2.706	-7.0711	16.5328	128	128	128	
1818	3.9285	-7.0711	15.8794	128	128	128	
1819	5	-7.0711	15	128	128	128	
1820	5.8794	-7.0711	13.9285	128	128	128	
1821	6.5328	-7.0711	12.706	128	128	128	
1822	6.9352	-7.0711	11.3795	128	128	128	
1823	7.0711	-7.0711	10	128	128	128	
1824	6.9352	-7.0711	8.6205	128	128	128	
1825	6.5328	-7.0711	7.294	128	128	128	
1826	5.8794	-7.0711	6.0715	128	128	128	
1827	5	-7.0711	5	128	128	128	
1828	3.9285	-7.0711	4.1206	128	128	128	
1829	2.706	-7.0711	3.4672	128	128	128	
1830	1.3795	-7.0711	3.0648	128	128	128	
1831	0	-8.3147	4.4443	128	128	128	
1832	-1.0839	-8.3147	4.551	128	128	128	
1833	-2.1261	-8.3147	4.8672	128	128	128	
1834	-3.0866	-8.3147	5.3806	128	128	128	
1835	-3.9285	-8.3147	6.0715	128	128	128	
1836	-4.6194	-8.3147	6.9134	128	128	128	
1837	-5.1328	-8.3147	7.8739	128	128	128	
1838	-5.449	-8.3147	8.9161	128	128	128	
1839	-5.5557	-8.3147	10	128	128	128	
1840	-5.4489	-8.3147	11.0839	128	128	128	
1841	-5.1328	-8.3147	12.1261	128	128	128	
1842	-4.6194	-8.3147	13.0866	128	128	128	
1843	-3.9285	-8.3147	13.9285	128	128	128	
1844	-3.0866	-8.3147	14.6194	128	128	128	
1845	-2.1261	-8.3147	15.1328	128	128	128	
1846	-1.0839	-8.3147	15.449	128	128	128	
1847	0	-8.3147	15.5557	128	128	128	
1848	1.0839	-8.3147	15.4489	128	128	128	
1849	2.1261	-8.3147	15.1328	128	128	128	
1850	3.0866	-8.3147	14.6194	128	128	128	
1851	3.9285	-8.3147	13.9285	128	128	128	
1852	4.6194	-8.3147	13.0866	128	128	128	
1853	5.1328	-8.3147	12.1261	128	128	128	
1854	5.449	-8.3147	11.0839	128	128	128	
1855	5.5557	-8.3147	10	128	128	128	
1856	5.4489	-8.3147	8.9161	128	128	128	
1857	5.1328	-8.3147	7.8739	128	128	128	
1858	4.6194	-8.3147	6.9134	128	128	128	
1859	3.9285	-8.3147	6.0715	128	128	128	
1860	3.0866	-8.3147	5.3806	128	128	128	
1861	2.1261	-8.3147	4.8672	128	128	128	
1862	1.0839	-8.3147	4.551	128	128	128	
1863	0	-9.2388	6.1732	128	128	128	
1864	-0.7466	-9.2388	6.2467	128	128	128	
1865	-1.4645	-9.2388	6.4645	128	128	128	
1866	-2.1261	-9.2388	6.8181	128	128	128	
1867	-2.706	-9.2388	7.294	128	128	128	
1868	-3.1819	-9.2388	7.8739	128	128	128	
1869	-3.5355	-9.2388	8.5355	128	128	128	
1870	-3.7533	-9.2388	9.2534	128	128	128	
1871	-3.8268	-9.2388	10	128	128	128	
1872	-3.7533	-9.2388	10.7466	128	128	128	
1873	-3.5355	-9.2388	11.4645	128	128	128	
1874	-3.1819	-9.2388	12.1261	128	128	128	
1875	-2.706	-9.2388	12.706	128	128	128	
1876	-2.1261	-9.2388	13.1819	128	128	128	
1877	-1.4645	-9.2388	13.5355	128	128	128	
1878	-0.7466	-9.2388	13.7533	128	128	128	
1879	0	-9.2388	13.8268	128	128	128	
1880	0.7466	-9.2388	13.7533	128	128	128	
1881	1.4645	-9.2388	13.5355	128	128	128	
1882	2.1261	-9.2388	13.1819	128	128	128	
1883	2.706	-9.2388	12.706	128	128	128	
1884	3.1819	-9.2388	12.1261	128	128	128	
1885	3.5355	-9.2388	11.4645	128	128	128	
1886	3.7533	-9.2388	10.7466	128	128	128	
1887	3.8268	-9.2388	10	128	128	128	
1888	3.7533	-9.2388	9.2534	128	128	128	
1889	3.5355	-9.2388	8.5355	128	128	128	
1890	3.1819	-9.2388	7.8739	128	128	128	
1891	2.706	-9.2388	7.294	128	128	128	
1892	2.1261	-9.2388	6.8181	128	128	128	
1893	1.4645	-9.2388	6.4645	128	128	128	
1894	0.7466	-9.2388	6.2467	128	128	128	
1895	0	-9.8079	8.0491	128	128	128	
1896	-0.3806	-9.8079	8.0866	128	128	128	
1897	-0.7466	-9.8079	8.1976	128	128	128	
1898	-1.0839	-9.8079	8.3779	128	128	128	
1899	-1.3795	-9.8079	8.6205	128	128	128	
1900	-1.6221	-9.8079	8.9161	128	128	128	
1901	-1.8024	-9.8079	9.2534	128	128	128	
1902	-1.9134	-9.8079	9.6194	128	128	128	
1903	-1.9509	-9.8079	10	128	128	128	
1904	-1.9134	-9.8079	10.3806	128	128	128	
1905	-1.8024	-9.8079	10.7466	128	128	128	
1906	-1.6221	-9.8079	11.0839	128	128	128	
1907	-1.3795	-9.8079	11.3795	128	128	128	
1908	-1.0839	-9.8079	11.6221	128	128	128	
1909	-0.7466	-9.8079	11.8024	128	128	128	
1910	-0.3806	-9.8079	11.9134	128	128	128	
1911	0	-9.8079	11.9509	128	128	128	
1912	0.3806	-9.8079	11.9134	128	128	128	
1913	0.7466	-9.8079	11.8024	128	128	128	
1914	1.0839	-9.8079	11.6221	128	128	128	
1915	1.3795	-9.8079	11.3795	128	128	128	
1916	1.6221	-9.8079	11.0839	128	128	128	
1917	1.8024	-9.8079	10.7466	128	128	128	
1918	1.9134	-9.8079	10.3806	128	128	128	
1919	1.9509	-9.8079	10	128	128	128	
1920	1.9134	-9.8079	9.6194	128	128	128	
1921	1.8024	-9.8079	9.2534	128	128	128	
1922	1.6221	-9.8079	8.9161	128	128	128	
1923	1.3795	-9.8079	8.6205	128	128	128	
1924	1.0839	-9.8079	8.3779	128	128	128	
1925	0.7466	-9.8079	8.1976	128	128	128	
1926	0.3806	-9.8079	8.0866	128	128	128	
1927	0	-10	10	128	128	128	
